  0  0  1  1 2014  5.50 10.8  16.7  295    15    5.36  7.90 14.4  14.8  10.8  20.3       LEIXOES                      
  0 30  1  1 2014  6.05 11.0  16.7  293    17    5.72  9.23 14.4  14.1  11.3  20.3       LEIXOES                      
  1  0  1  1 2014  5.75 10.9  16.7  292    18    5.46  7.94 14.3  12.5  11.4  20.3       LEIXOES                      
  1 30  1  1 2014  6.41 11.2  16.7  295    18    6.01  9.04 14.1  13.3  11.1  20.3       LEIXOES                      
  2  0  1  1 2014  5.82 10.6  16.7  291    19    5.82  8.21 13.7  12.5  11.3  20.3       LEIXOES                      
  2 30  1  1 2014  5.54 10.3  16.7  297    17    5.46  8.40 14.1  14.1  11.3  19.5       LEIXOES                      
  3  0  1  1 2014  5.50 10.4  14.3  295    18    5.36  7.97 13.9  14.1  11.0  21.9       LEIXOES                      
  3 30  1  1 2014  6.39 11.3  16.7  294    18    6.27  9.29 15.0  14.8  12.7  22.7       LEIXOES                      
  4  0  1  1 2014  6.17 11.1  16.7  295    19    5.76  8.53 14.8  14.8  11.3  21.9       LEIXOES                      
  4 30  1  1 2014  5.81 10.5  16.7  294    20    5.55  9.14 14.5  16.4  10.9  20.3       LEIXOES                      
  5  0  1  1 2014  6.00 10.5  16.7  299    19    5.75  8.49 14.0  12.5  11.5  20.3       LEIXOES                      
  5 30  1  1 2014  5.99 10.7  16.7  299    17    5.73  8.23 14.7  13.3  11.7  19.5       LEIXOES                      
  6  0  1  1 2014  5.42 10.1  16.7  298    20    5.06  7.46 14.6  17.2  11.5  20.3       LEIXOES                      
  6 30  1  1 2014  6.17 10.7  16.7  297    18    5.92  8.82 14.6  14.8  11.4  22.7       LEIXOES                      
  7  0  1  1 2014  5.48  9.9  15.4  299    19    5.39  9.20 13.8  12.5  10.4  21.9       LEIXOES                      
  7 30  1  1 2014  5.11  9.6  15.4  300    19    4.95  9.05 14.3  16.4  10.5  20.3       LEIXOES                      
  8  0  1  1 2014  5.52  9.7  16.7  296    17    5.28  8.09 14.1  14.1   9.9  18.8       LEIXOES                      
  8 30  1  1 2014  5.34  9.7  18.2  301    20    4.92  7.75 14.3  14.1  10.1  18.8       LEIXOES                      
  9  0  1  1 2014  5.51 10.0  18.2  298    16    5.09  7.14 14.4  10.9  10.5  21.1       LEIXOES                      
  9 30  1  1 2014  5.02  9.2  16.7  297    24    4.64  7.75 13.9  13.3   9.9  19.5       LEIXOES                      
 10  0  1  1 2014  5.14  9.2  16.7  294    19    4.98  7.76 13.9  10.9  10.4  20.3       LEIXOES                      
 10 30  1  1 2014  5.09  9.2  16.7  293    20    4.65  8.48 13.5  14.1   9.7  19.5       LEIXOES                      
 11  0  1  1 2014  5.57  9.6  16.7  294    16    5.20  9.00 13.9  14.8   9.7  21.1       LEIXOES                      
 11 30  1  1 2014  5.78 10.0  16.7  293    16    5.33  8.40 14.7  17.2  10.5  19.5       LEIXOES                      
 12  0  1  1 2014  5.06  8.8  16.7  298    19    4.82  7.43 13.7  12.5   9.5  19.5       LEIXOES                      
 12 30  1  1 2014  5.36  8.9  15.4  299    20    4.74  8.93 12.1  14.1   8.7  18.8       LEIXOES                      
 13  0  1  1 2014  5.44  9.2  16.7  296    20    5.25  8.58 13.9  14.1   9.8  19.5       LEIXOES                      
 13 30  1  1 2014  5.28  9.0  15.4  296    20    4.96  8.31 13.0  16.4   9.4  19.5       LEIXOES                      
 14  0  1  1 2014  5.27  9.1  16.7  298    19    5.09  8.21 13.7  14.8  10.0  18.0       LEIXOES                      
 14 30  1  1 2014  4.93  8.2  16.7  306    26    4.47  6.24 11.7  13.3   8.4  18.0       LEIXOES                      
 15  0  1  1 2014  5.78  9.0  16.7  302    21    5.45  9.09 13.3  14.1   9.5  20.3       LEIXOES                      
 15 30  1  1 2014  5.22  8.6  16.7  298    23    4.99  9.87 12.2  13.3   8.6  18.0       LEIXOES                      
 16  0  1  1 2014  6.37  9.6  15.4  302    18    5.88  9.83 12.9  14.1   9.8  18.0       LEIXOES                      
 16 30  1  1 2014  5.93  8.9  15.4  299    21    5.49 10.84 12.5  13.3   9.5  19.5       LEIXOES                      
 17  0  1  1 2014  5.84  8.8  16.7  301    21    5.65 11.59 12.5  14.8   9.4  18.8       LEIXOES                      
 17 30  1  1 2014  5.51  8.5  14.3  296    22    5.32  9.83 12.0  10.9   9.1  18.8       LEIXOES                      
 18  0  1  1 2014  6.25  9.0  15.4  308    19    5.96  8.58 12.2  10.2   9.2  17.2       LEIXOES                      
 18 30  1  1 2014  6.37  9.2  14.3  303    22    6.07  9.64 12.5  11.7   9.8  17.2       LEIXOES                      
 19  0  1  1 2014  6.64  9.2  15.4  307    18    6.02 11.40 12.1  12.5   9.1  16.4       LEIXOES                      
 19 30  1  1 2014  6.60  9.4  13.3  303    20    6.36 10.07 12.4  12.5   9.6  18.0       LEIXOES                      
 20  0  1  1 2014  6.94  9.5  14.3  303    18    6.54  9.82 12.5  11.7  10.2  18.8       LEIXOES                      
 20 30  1  1 2014  6.05  8.8  15.4  305    21    5.67  8.27 12.1  10.9   9.8  19.5       LEIXOES                      
 21  0  1  1 2014  6.38  9.3  15.4  303    19    5.96  9.42 12.6  11.7   9.5  18.8       LEIXOES                      
 21 30  1  1 2014  6.25  9.2  15.4  304    21    5.96  9.24 12.1  11.7   9.9  18.0       LEIXOES                      
 22  0  1  1 2014  6.43  9.6  15.4  303    18    5.84  8.98 12.4  13.3   9.2  17.2       LEIXOES                      
 22 30  1  1 2014  5.47  8.9  15.4  303    20    5.03  8.44 11.6  10.9   9.1  18.0       LEIXOES                      
 23  0  1  1 2014  5.00  8.3  13.3  302    20    4.67  7.06 10.8  13.3   8.9  18.0       LEIXOES                      
 23 30  1  1 2014  4.98  8.5  15.4  297    21    5.09  8.12 12.0  12.5   9.4  18.8       LEIXOES                      
  0  0  2  1 2014  4.91  8.4  14.3  297    21    4.73  8.22 11.4  10.2   9.0  16.4       LEIXOES                      
  0 30  2  1 2014  5.22  8.9  14.3  299    21    4.98  8.19 11.7  14.8   9.0  18.0       LEIXOES                      
  1  0  2  1 2014  5.21  8.9  14.3  296    18    4.93  8.06 12.0  12.5   9.4  17.2       LEIXOES                      
  1 30  2  1 2014  4.82  8.6  15.4  297    22    4.69  7.15 11.8  11.7   9.0  17.2       LEIXOES                      
  2  0  2  1 2014  5.20  9.3  15.4  306    18    4.74  7.50 12.2  14.8   9.7  17.2       LEIXOES                      
  2 30  2  1 2014  4.91  9.0  15.4  295    21    4.57  8.72 11.8  12.5   8.9  18.0       LEIXOES                      
  3  0  2  1 2014  4.88  9.1  15.4  302    21    4.62  7.05 12.9  13.3   9.9  18.0       LEIXOES                      
  3 30  2  1 2014  4.68  8.7  15.4  302    18    4.31  7.12 11.7  12.5   9.5  18.8       LEIXOES                      
  4  0  2  1 2014  4.86  8.8  15.4  304    23    4.60  7.15 12.5  14.1   9.7  18.0       LEIXOES                      
  4 30  2  1 2014  4.66  8.9  15.4  299    21    4.35  7.90 12.2  10.9   9.2  17.2       LEIXOES                      
  5  0  2  1 2014  4.74  9.0  14.3  302    18    4.34  6.50 12.3  11.7   9.2  18.0       LEIXOES                      
  5 30  2  1 2014  5.30  9.8  14.3  300    19    4.93  7.32 12.7  15.6   9.9  17.2       LEIXOES                      
  6  0  2  1 2014  4.75  9.4  14.3  305    17    4.67  7.50 12.5  14.1   9.7  18.0       LEIXOES                      
  6 30  2  1 2014  4.93  9.4  14.3  304    17    4.67  8.04 12.5  12.5   9.2  17.2       LEIXOES                      
  7  0  2  1 2014  4.69  8.8  14.3  299    20    4.43  6.28 12.2   9.4   9.3  17.2       LEIXOES                      
  7 30  2  1 2014  4.82  9.5  14.3  307    17    4.36  6.78 12.4  11.7   9.7  18.8       LEIXOES                      
  8  0  2  1 2014  4.93  9.5  14.3  300    18    4.50  6.83 12.6  12.5   9.8  17.2       LEIXOES                      
  8 30  2  1 2014  5.44 10.1  14.3  311    16    5.10  8.19 13.1  14.1  10.4  18.0       LEIXOES                      
  9  0  2  1 2014  4.82  9.3  13.3  303    17    4.72  9.22 12.5  12.5   9.7  16.4       LEIXOES                      
  9 30  2  1 2014  5.03  9.6  13.3  309    18    4.82  7.71 12.5  11.7  10.1  17.2       LEIXOES                      
 10  0  2  1 2014  4.91  9.5  13.3  304    18    4.67  7.00 12.3  12.5  10.2  17.2       LEIXOES                      
 10 30  2  1 2014  4.86  9.2  12.5  305    19    4.61  6.89 11.7  11.7   9.9  17.2       LEIXOES                      
 11  0  2  1 2014  4.95  9.7  13.3  299    19    4.63  6.21 12.3  12.5  10.1  16.4       LEIXOES                      
 11 30  2  1 2014  4.76  9.2  14.3  304    16    4.34  7.03 12.2  12.5   9.1  18.0       LEIXOES                      
 12  0  2  1 2014  4.41  8.9  13.3  307    22    4.24  7.43 12.0  10.2   8.9  17.2       LEIXOES                      
 12 30  2  1 2014  4.62  8.9  13.3  303    18    4.47  6.65 12.1  10.9   9.6  17.2       LEIXOES                      
 13  0  2  1 2014  4.23  8.6  14.3  307    21    4.31  7.15 12.0  10.2   9.1  16.4       LEIXOES                      
 13 30  2  1 2014  4.25  8.1  13.3  301    25    4.03  5.57 11.2  10.9   8.9  16.4       LEIXOES                      
 14  0  2  1 2014  4.87  9.0  13.3  299    19    4.75  7.95 12.1  12.5   9.7  16.4       LEIXOES                      
 14 30  2  1 2014  4.63  8.4  13.3  305    18    4.32  9.47 11.6  11.7   8.4  15.6       LEIXOES                      
 15  0  2  1 2014  4.64  8.3  12.5  298    20    4.39  8.09 11.9  12.5   8.6  16.4       LEIXOES                      
 15 30  2  1 2014  4.44  8.1  14.3  297    22    4.30  6.98 11.4  11.7   8.6  20.3       LEIXOES                      
 16  0  2  1 2014  4.51  8.1  14.3  299    22    4.32  6.61 11.3  10.2   9.0  17.2       LEIXOES                      
 16 30  2  1 2014  4.23  7.9  13.3  298    24    4.06  6.40 11.4  13.3   8.5  17.2       LEIXOES                      
 17  0  2  1 2014  4.06  7.9  13.3  300    19    3.93  6.72 10.5  13.3   8.1  14.1       LEIXOES                      
 17 30  2  1 2014  4.15  7.9  13.3  291    20    3.79  7.01 10.8   8.6   8.1  15.6       LEIXOES                      
 18  0  2  1 2014  3.58  7.4  14.3  293    27    3.46  5.97 10.0  11.7   7.7  16.4       LEIXOES                      
 18 30  2  1 2014  4.28  8.2  13.3  297    21    3.96  6.06 11.2  11.7   8.3  17.2       LEIXOES                      
 19  0  2  1 2014  3.79  7.7  13.3  291    21    3.57  5.81 10.4  12.5   8.1  16.4       LEIXOES                      
 19 30  2  1 2014  3.78  7.7  14.3  297    22    3.60  6.22 10.3  10.9   8.1  18.0       LEIXOES                      
 20  0  2  1 2014  4.06  8.1  14.3  294    18    3.68  5.78 11.2  11.7   8.2  16.4       LEIXOES                      
 20 30  2  1 2014  3.70  7.7  14.3  294    26    3.61  5.91 10.6  10.2   8.2  17.2       LEIXOES                      
 21  0  2  1 2014  3.92  8.0  14.3  299    21    3.58  5.15 11.1  12.5   8.6  17.2       LEIXOES                      
 21 30  2  1 2014  3.49  7.4  11.8  288    20    3.45  5.67 10.4  11.7   7.7  15.6       LEIXOES                      
 22  0  2  1 2014  3.70  7.5  14.3  292    20    3.25  5.97 10.5  10.9   7.8  16.4       LEIXOES                      
 22 30  2  1 2014  3.80  7.6  13.3  298    23    3.49  5.12 10.5  10.2   7.9  16.4       LEIXOES                      
 23  0  2  1 2014  3.57  7.3  14.3  288    26    3.35  5.72 10.3  12.5   7.5  18.0       LEIXOES                      
 23 30  2  1 2014  4.09  7.8  14.3  288    19    3.80  6.52 10.9  10.9   8.5  17.2       LEIXOES                      
  0  0  3  1 2014  3.85  7.6  14.3  295    21    3.60  6.48 10.8  10.2   8.1  17.2       LEIXOES                      
  0 30  3  1 2014  4.05  7.9  14.3  297    20    3.72  6.22 10.8  11.7   8.3  15.6       LEIXOES                      
  1  0  3  1 2014  3.71  7.5  14.3  295    21    3.45  5.74 10.8  14.1   8.2  16.4       LEIXOES                      
  1 30  3  1 2014  3.87  7.6  14.3  291    19    3.67  6.16 10.7  12.5   8.3  16.4       LEIXOES                      
  2  0  3  1 2014  4.19  8.5  14.3  297    16    3.96  5.88 12.1   9.4   9.4  16.4       LEIXOES                      
  2 30  3  1 2014  3.85  8.2  12.5  297    21    3.64  5.58 11.4  10.9   8.4  16.4       LEIXOES                      
  3  0  3  1 2014  3.95  8.1  14.3  291    19    3.62  5.70 11.0  10.9   8.3  15.6       LEIXOES                      
  3 30  3  1 2014  3.75  7.6  12.5  295    21    3.63  7.01 10.5  11.7   7.9  15.6       LEIXOES                      
  4  0  3  1 2014  3.87  8.1  10.5  287    20    3.73  5.92 11.2  10.9   8.4  14.8       LEIXOES                      
  4 30  3  1 2014  3.80  8.0  12.5  295    23    3.69  5.95 11.0   8.6   8.3  15.6       LEIXOES                      
  5  0  3  1 2014  3.67  8.1  11.8  302    21    3.57  5.16 10.8  10.9   8.5  15.6       LEIXOES                      
  5 30  3  1 2014  4.24  8.8  12.5  292    17    4.05  6.84 11.7  13.3   9.5  15.6       LEIXOES                      
  6  0  3  1 2014  3.87  8.2  12.5  299    24    3.72  6.46 11.0  12.5   8.4  15.6       LEIXOES                      
  6 30  3  1 2014  4.01  8.5  12.5  296    20    3.84  6.30 11.3  13.3   9.0  16.4       LEIXOES                      
  7  0  3  1 2014  3.71  8.2  12.5  291    18    3.53  6.48 11.3  10.9   8.7  18.0       LEIXOES                      
  7 30  3  1 2014  4.14  8.4  12.5  297    18    3.77  7.00 10.5  11.7   8.3  15.6       LEIXOES                      
  8  0  3  1 2014  3.76  8.2  12.5  292    19    3.56  5.32 10.9   8.6   8.3  16.4       LEIXOES                      
  8 30  3  1 2014  3.98  8.4  12.5  295    19    3.99  6.17 10.9  12.5   9.0  15.6       LEIXOES                      
  9  0  3  1 2014  4.03  8.4  10.5  294    21    3.86  6.16 10.8  10.9   8.8  16.4       LEIXOES                      
  9 30  3  1 2014  3.72  8.4  13.3  294    19    3.54  6.62 10.8  11.7   8.5  16.4       LEIXOES                      
 10  0  3  1 2014  3.87  8.4  11.8  295    20    3.64  5.76 10.7  10.2   8.6  14.8       LEIXOES                      
 10 30  3  1 2014  3.86  8.4  12.5  289    21    3.56  6.04 11.3  11.7   8.4  17.2       LEIXOES                      
 11  0  3  1 2014  3.84  8.5  13.3  295    21    3.65  5.99 11.2  12.5   8.7  17.2       LEIXOES                      
 11 30  3  1 2014  3.74  8.7  13.3  295    20    3.50  6.19 11.9  11.7   9.0  18.0       LEIXOES                      
 12  0  3  1 2014  4.44  9.1  12.5  295    20    4.08  6.23 11.4  12.5   9.1  15.6       LEIXOES                      
 12 30  3  1 2014  4.70  9.6  14.3  298    19    4.58  8.51 12.9  13.3  10.1  18.8       LEIXOES                      
 13  0  3  1 2014  4.56  9.2  15.4  301    18    4.20  6.17 12.5  14.1   9.3  20.3       LEIXOES                      
 13 30  3  1 2014  4.77  9.4  16.7  303    20    4.69  7.95 13.1  13.3   9.8  18.8       LEIXOES                      
 14  0  3  1 2014  4.89  9.8  14.3  298    21    4.63  6.62 13.3  10.9  10.0  20.3       LEIXOES                      
 14 30  3  1 2014  5.36 10.4  15.4  300    17    4.92  9.10 13.7  13.3  10.5  17.2       LEIXOES                      
 15  0  3  1 2014  5.69 10.7  15.4  295    15    5.40  9.03 14.2  14.8  10.3  18.8       LEIXOES                      
 15 30  3  1 2014  5.38 10.5  15.4  304    18    4.99  8.01 13.6  13.3  11.3  21.1       LEIXOES                      
 16  0  3  1 2014  5.51 10.8  15.4  303    17    5.23  8.51 14.3  14.8  10.9  20.3       LEIXOES                      
 16 30  3  1 2014  6.08 11.1  15.4  301    18    5.47  8.61 14.1  14.1  11.0  21.1       LEIXOES                      
 17  0  3  1 2014  5.88 10.9  15.4  297    21    5.51  9.39 13.7  14.8  11.2  18.8       LEIXOES                      
 17 30  3  1 2014  5.13 10.0  14.3  304    26    4.95  6.57 13.6  14.1  10.8  19.5       LEIXOES                      
 18  0  3  1 2014  5.43 10.6  14.3  302    20    5.32  8.77 13.9  14.1  10.9  18.8       LEIXOES                      
 18 30  3  1 2014  5.88 10.9  15.4  299    20    5.58  9.52 14.3  13.3  10.8  21.1       LEIXOES                      
 19  0  3  1 2014  6.14 11.1  16.7  301    20    5.91  9.60 13.9  12.5  11.9  20.3       LEIXOES                      
 19 30  3  1 2014  5.56 10.6  15.4  300    20    5.48  8.80 13.9  13.3  11.2  19.5       LEIXOES                      
 20  0  3  1 2014  6.67 11.2  15.4  296    18    6.23  9.66 14.1  14.8  10.9  21.1       LEIXOES                      
 20 30  3  1 2014  6.97 11.3  14.3  300    16    6.73 11.56 14.4  12.5  12.0  20.3       LEIXOES                      
 21  0  3  1 2014  5.66 10.2  15.4  299    18    5.79  9.53 13.7  14.8  11.4  19.5       LEIXOES                      
 21 30  3  1 2014  5.72 10.0  15.4  299    20    5.35  9.13 13.6  14.1  10.3  18.8       LEIXOES                      
 22  0  3  1 2014  5.91 10.1  15.4  298    18    5.84  8.64 14.2  13.3  10.5  18.8       LEIXOES                      
 22 30  3  1 2014  6.54 10.6  16.7  298    19    6.03 10.75 14.1  13.3  10.6  20.3       LEIXOES                      
 23  0  3  1 2014  5.64  9.3  16.7  300    20    6.13  9.59 13.6  13.3  10.1  18.8       LEIXOES                      
 23 30  3  1 2014  6.15  9.9  16.7  292    17    5.87  8.81 14.6  14.8  10.8  21.9       LEIXOES                      
  0  0  4  1 2014  6.10  9.5  16.7  289    13    5.89 10.36 12.9  14.1  10.0  17.2       LEIXOES                      
  0 30  4  1 2014  5.94  9.0  16.7  292    20    5.58  9.15 13.4  14.1  10.2  19.5       LEIXOES                      
  5  0  4  1 2014  6.27  9.0  18.2  289    17    5.64  8.38 12.5  12.5   8.9  20.3       LEIXOES                      
  5 30  4  1 2014  6.39  9.1  11.8  295    20    6.03  8.44 12.0  13.3   9.2  20.3       LEIXOES                      
  7 30  4  1 2014  6.74  9.3  16.7  289    20    6.17  9.99 12.4  10.2  10.0  19.5       LEIXOES                      
  8  0  4  1 2014  6.41  9.1  16.7  292    22    6.17 10.35 12.1  12.5   9.4  18.0       LEIXOES                      
  8 30  4  1 2014  7.31  8.9  11.1  285    18    6.30  8.89 11.6  11.7   8.9  17.2       LEIXOES                      
  9  0  4  1 2014  6.96  9.2  16.7  287    20    6.71 11.49 12.2  12.5   9.4  20.3       LEIXOES                      
  9 30  4  1 2014  6.35  8.9  16.7  290    23    6.15  9.55 11.6  12.5   9.3  18.8       LEIXOES                      
 10  0  4  1 2014  6.72  9.3  15.4  292    17    6.41  8.82 12.0  12.5   9.6  17.2       LEIXOES                      
 10 30  4  1 2014  6.24  8.9  16.7  286    23    6.22  9.54 12.2  10.9   9.6  19.5       LEIXOES                      
 11  0  4  1 2014  6.43  9.1  16.7  287    21    6.08  9.70 12.6  12.5   9.7  19.5       LEIXOES                      
 11 30  4  1 2014  7.18  9.4  15.4  289    21    6.98 10.87 12.1  13.3   9.7  19.5       LEIXOES                      
 12  0  4  1 2014  6.94  9.3  15.4  290    21    6.37  9.30 12.9  12.5   9.9  18.8       LEIXOES                      
 12 30  4  1 2014  6.79  9.3  16.7  286    17    6.45 11.34 12.5  13.3   9.8  20.3       LEIXOES                      
 13  0  4  1 2014  6.71  9.0  11.8  298    24    6.12  9.49 12.0  13.3   9.2  18.0       LEIXOES                      
 13 30  4  1 2014  7.06  9.4  13.3  291    22    6.63 10.38 12.1   9.4   9.8  18.0       LEIXOES                      
 14  0  4  1 2014  6.83  9.5  15.4  287    18    6.38  9.99 12.6  14.1   9.5  18.8       LEIXOES                      
 14 30  4  1 2014  6.71  9.4  16.7  284    22    6.51 10.80 13.0  14.1   9.7  18.0       LEIXOES                      
 15  0  4  1 2014  6.33  9.0  14.3  284    24    5.99  9.47 11.9   9.4   9.0  18.0       LEIXOES                      
 15 30  4  1 2014  6.47  9.4  14.3  288    19    6.07  9.42 12.0  13.3   9.4  18.0       LEIXOES                      
 16  0  4  1 2014  6.86  9.9  15.4  285    17    6.62 11.01 13.2  13.3   9.9  19.5       LEIXOES                      
 16 30  4  1 2014  6.78  9.6  12.5  287    23    6.35  9.59 12.4  14.1   9.9  19.5       LEIXOES                      
 17  0  4  1 2014  7.09  9.9  16.7  285    16    6.75 11.13 13.6  12.5  10.3  20.3       LEIXOES                      
 17 30  4  1 2014  6.97 10.1  15.4  285    16    6.85 13.42 13.7  13.3  11.0  18.8       LEIXOES                      
 18  0  4  1 2014  6.57  9.8  15.4  289    19    6.22  9.51 12.9  13.3  10.3  18.8       LEIXOES                      
 18 30  4  1 2014  6.71 10.2  15.4  290    20    6.29 10.27 12.7  14.1  10.4  19.5       LEIXOES                      
 19  0  4  1 2014  6.71 10.3  15.4  287    17    6.33 11.12 13.8  11.7  10.3  18.8       LEIXOES                      
 19 30  4  1 2014  6.15  9.6  15.4  287    20    5.86 10.45 12.5  13.3   9.7  17.2       LEIXOES                      
 20  0  4  1 2014  6.28  9.8  13.3  286    21    6.05 11.82 12.6  14.8   9.9  21.1       LEIXOES                      
 20 30  4  1 2014  6.81 10.4  15.4  285    16    6.51  9.00 13.4  11.7  10.8  19.5       LEIXOES                      
 21  0  4  1 2014  6.12  9.8  14.3  290    18    5.91  9.48 13.0  13.3  10.3  18.8       LEIXOES                      
 21 30  4  1 2014  6.00  9.7  13.3  291    20    5.66  9.09 12.5  13.3  10.0  18.0       LEIXOES                      
 22  0  4  1 2014  6.01  9.7  15.4  284    19    5.92  9.55 12.9  13.3  10.0  18.8       LEIXOES                      
 22 30  4  1 2014  5.98  9.5  15.4  287    17    5.52 10.02 13.0  12.5   9.8  18.0       LEIXOES                      
 23  0  4  1 2014  6.37  9.9  15.4  293    16    6.22 10.18 13.6  14.8  10.6  20.3       LEIXOES                      
 23 30  4  1 2014  6.29 10.0  15.4  288    17    5.95  8.85 13.2  10.9  10.4  19.5       LEIXOES                      
  0  0  5  1 2014  6.38  9.8  16.7  290    17    5.99 10.24 12.7  14.1  10.0  19.5       LEIXOES                      
  0 30  5  1 2014  6.04  9.8  16.7  287    17    5.77  8.92 13.5  10.9  10.5  19.5       LEIXOES                      
  1  0  5  1 2014  5.70  9.3  16.7  288    17    5.39  9.22 13.0  14.1   9.9  20.3       LEIXOES                      
  1 30  5  1 2014  5.38  9.0  14.3  286    21    5.20  8.09 12.3  10.2   9.4  18.0       LEIXOES                      
 16  0  5  1 2014  4.93  8.1  16.7  300    18    4.50  7.86 11.6  12.5   8.4  16.4       LEIXOES                      
 16 30  5  1 2014  4.90  8.4  15.4  294    23    4.45  6.32 11.4  10.9   8.2  18.0       LEIXOES                      
 17  0  5  1 2014  4.92  8.1  11.1  290    19    4.58  7.32 11.5  12.5   8.4  17.2       LEIXOES                      
 17 30  5  1 2014  5.03  8.2  15.4  299    23    4.93  8.05 11.8  14.1   8.8  17.2       LEIXOES                      
 18  0  5  1 2014  4.95  8.1  15.4  291    20    4.43  7.40 11.9  13.3   8.8  17.2       LEIXOES                      
 18 30  5  1 2014  4.97  8.3  15.4  298    19    4.75  7.02 12.1  12.5   8.6  18.0       LEIXOES                      
 19  0  5  1 2014  4.45  7.9  15.4  298    24    4.33  6.52 11.7  10.9   8.4  16.4       LEIXOES                      
 19 30  5  1 2014  4.49  7.7  15.4  295    24    4.24  6.33 10.5  10.2   8.0  17.2       LEIXOES                      
 20  0  5  1 2014  4.84  8.1  15.4  299    19    4.69  6.97 11.6  11.7   8.7  18.0       LEIXOES                      
 20 30  5  1 2014  4.54  7.9  15.4  301    21    4.35  6.75 11.6  10.2   8.3  16.4       LEIXOES                      
 21  0  5  1 2014  4.42  7.6  14.3  296    23    4.20  7.30 11.1  10.2   8.3  18.0       LEIXOES                      
 21 30  5  1 2014  4.66  7.5  14.3  297    22    4.28  5.71 10.5   9.4   7.6  16.4       LEIXOES                      
 22  0  5  1 2014  4.49  7.6  14.3  299    21    4.14  7.73 10.9  11.7   7.9  16.4       LEIXOES                      
 22 30  5  1 2014  4.39  7.4  14.3  299    26    4.33  6.51 11.1  12.5   8.1  17.2       LEIXOES                      
 23  0  5  1 2014  4.65  7.6  14.3  302    24    4.30  6.21 10.6   7.8   8.1  18.0       LEIXOES                      
 23 30  5  1 2014  4.87  7.8  13.3  294    20    4.36  7.52 10.8  11.7   8.0  15.6       LEIXOES                      
  0  0  6  1 2014  4.67  7.6  13.3  292    25    4.27  7.00 10.4  10.2   7.8  17.2       LEIXOES                      
  0 30  6  1 2014  4.82  7.5  14.3  300    25    4.47  6.89 10.2   9.4   7.7  16.4       LEIXOES                      
  1  0  6  1 2014  4.66  7.4  13.3  293    25    4.17  6.84 10.1  10.2   7.3  16.4       LEIXOES                      
  1 30  6  1 2014  4.33  7.1  13.3  300    25    4.11  6.77  9.9  10.9   7.1  14.8       LEIXOES                      
  2  0  6  1 2014  4.56  7.2  11.8  283    23    4.29  8.10  9.6   9.4   7.5  15.6       LEIXOES                      
  2 30  6  1 2014  4.86  7.5  13.3  293    20    4.73  8.70 10.6  10.9   7.8  14.8       LEIXOES                      
  3  0  6  1 2014  5.20  7.8  13.3  290    23    4.91 10.12 10.8  11.7   8.1  15.6       LEIXOES                      
  3 30  6  1 2014  4.86  7.6  11.8  291    21    4.60  7.01 10.3  11.7   7.9  16.4       LEIXOES                      
  4  0  6  1 2014  5.07  7.6  13.3  291    26    4.72  7.58 10.0  10.2   7.6  19.5       LEIXOES                      
  4 30  6  1 2014  5.08  7.6  13.3  297    25    4.95 11.45 10.3  12.5   8.0  16.4       LEIXOES                      
  5  0  6  1 2014  5.15  7.3  13.3  295    26    5.11  8.28 10.4   9.4   8.2  14.8       LEIXOES                      
  5 30  6  1 2014  5.86  8.1  13.3  286    24    5.32  7.86 10.6  12.5   8.2  15.6       LEIXOES                      
  6  0  6  1 2014  5.41  7.7  14.3  296    26    4.95  9.02 10.2   9.4   8.0  16.4       LEIXOES                      
  6 30  6  1 2014  5.27  7.9  13.3  292    24    4.85  7.59 10.7  10.2   8.3  16.4       LEIXOES                      
  7  0  6  1 2014  5.24  7.8  12.5  293    24    4.98  8.95 10.8  10.9   7.9  17.2       LEIXOES                      
  7 30  6  1 2014  5.34  8.1  13.3  290    26    5.04  9.36 10.6   8.6   8.3  17.2       LEIXOES                      
  8  0  6  1 2014  5.84  8.2  14.3  286    21    5.69  8.70 11.3  14.1   8.9  19.5       LEIXOES                      
  8 30  6  1 2014  5.85  8.5  13.3  298    24    5.65  9.18 12.1  14.1   9.3  21.9       LEIXOES                      
  9  0  6  1 2014  5.84  8.9  13.3  289    21    5.63  8.52 12.7  12.5   9.3  18.0       LEIXOES                      
  9 30  6  1 2014  6.55 10.1  18.2  290    16    5.99 10.01 14.9  16.4  10.7  21.9       LEIXOES                      
 10  0  6  1 2014  6.15  9.8  18.2  294    19    6.13 10.66 15.8  16.4  11.4  25.8       LEIXOES                      
 10 30  6  1 2014  6.84 10.8  15.4  295    19    6.55 10.05 15.8  17.2  11.3  25.8       LEIXOES                      
 11  0  6  1 2014  7.10 11.3  18.2  288    14    6.52  9.74 16.6  18.0  11.9  25.8       LEIXOES                      
 11 30  6  1 2014  7.26 11.1  18.2  292    17    6.99 10.89 15.9  18.0  11.2  24.2       LEIXOES                      
 12  0  6  1 2014  7.43 11.7  18.2  293    15    7.33 11.32 17.6  18.0  12.9  27.3       LEIXOES                      
 12 30  6  1 2014  7.56 11.6  18.2  290    15    7.35 10.86 16.6  21.9  11.9  21.9       LEIXOES                      
 13  0  6  1 2014  7.13 11.2  15.4  294    19    6.80 12.37 15.3  17.2  11.7  22.7       LEIXOES                      
 13 30  6  1 2014  8.25 12.3  18.2  289    15    8.04 12.72 17.0  18.0  12.9  23.4       LEIXOES                      
 14  0  6  1 2014  8.18 12.3  18.2  290    17    8.24 13.54 17.1  22.7  12.8  25.8       LEIXOES                      
 14 30  6  1 2014  8.35 12.8  18.2  291    15    8.09 12.35 18.0  17.2  13.4  24.2       LEIXOES                      
 15  0  6  1 2014  7.75 11.9  18.2  290    17    7.25 11.75 16.2  14.8  12.1  25.0       LEIXOES                      
 15 30  6  1 2014  7.82 11.7  16.7  289    17    7.22 11.84 16.0  14.8  12.3  21.9       LEIXOES                      
 16  0  6  1 2014  8.22 12.4  18.2  289    15    7.53 13.52 16.3  16.4  12.8  25.0       LEIXOES                      
 16 30  6  1 2014  7.60 11.7  18.2  291    16    7.55 11.27 16.7  15.6  12.6  23.4       LEIXOES                      
 17  0  6  1 2014  7.93 12.0  18.2  287    16    7.88 11.09 16.1  18.0  12.4  23.4       LEIXOES                      
 17 30  6  1 2014  8.01 12.1  18.2  286    16    7.55 12.15 16.1  17.2  12.2  23.4       LEIXOES                      
 18  0  6  1 2014  7.69 12.0  18.2  289    19    7.49 10.53 16.2  17.2  13.0  22.7       LEIXOES                      
 18 30  6  1 2014  7.60 12.2  18.2  288    17    7.38 11.98 16.3  15.6  12.8  23.4       LEIXOES                      
 19  0  6  1 2014  7.25 11.1  18.2  291    20    7.09 10.87 15.0  14.1  11.6  21.1       LEIXOES                      
 19 30  6  1 2014  8.33 12.4  18.2  290    15    7.44 11.58 16.1  16.4  12.4  22.7       LEIXOES                      
 20  0  6  1 2014  7.38 11.5  16.7  290    18    7.03 12.82 14.4  15.6  11.9  21.1       LEIXOES                      
 20 30  6  1 2014  7.12 11.8  16.7  290    17    6.67 12.04 15.7  14.8  11.6  23.4       LEIXOES                      
 21  0  6  1 2014  7.69 11.7  18.2  286    19    6.90 11.37 15.2  19.5  12.4  21.9       LEIXOES                      
 21 30  6  1 2014  7.42 11.5  14.3  291    18    7.01 11.45 14.6  15.6  12.0  20.3       LEIXOES                      
 22  0  6  1 2014  7.37 11.6  16.7  292    17    7.35 10.66 15.2  13.3  12.0  22.7       LEIXOES                      
 22 30  6  1 2014  7.43 11.7  18.2  289    20    6.96 10.93 14.9  15.6  11.7  21.1       LEIXOES                      
 23  0  6  1 2014  7.10 11.8  18.2  290    17    6.76 12.10 15.2  16.4  11.8  20.3       LEIXOES                      
 23 30  6  1 2014  6.93 11.3  18.2  285    19    6.68  9.54 15.2  15.6  12.3  21.1       LEIXOES                      
  0  0  7  1 2014  6.77 11.2  18.2  290    20    6.47 12.68 14.4  12.5  11.6  21.1       LEIXOES                      
  0 30  7  1 2014  6.85 11.3  16.7  289    17    6.39  9.91 14.7  14.1  11.8  21.9       LEIXOES                      
  1  0  7  1 2014  7.09 11.5  16.7  291    18    6.50  9.26 14.9  15.6  11.5  21.1       LEIXOES                      
  1 30  7  1 2014  6.99 11.6  18.2  291    17    6.65 10.79 15.5  15.6  11.6  21.9       LEIXOES                      
  2  0  7  1 2014  6.61 11.3  18.2  287    17    6.30  9.94 15.2  13.3  11.8  21.9       LEIXOES                      
  2 30  7  1 2014  6.49 11.3  16.7  290    16    6.08 11.33 14.9  16.4  11.3  21.9       LEIXOES                      
  3  0  7  1 2014  5.69 10.6  14.3  290    20    5.53  9.68 14.0  13.3  10.9  19.5       LEIXOES                      
  3 30  7  1 2014  6.23 11.0  18.2  285    17    6.12  9.18 15.6  13.3  11.7  21.9       LEIXOES                      
  4  0  7  1 2014  6.77 11.4  18.2  286    17    6.35 11.13 14.8  13.3  12.0  25.0       LEIXOES                      
  4 30  7  1 2014  6.54 11.2  15.4  290    15    6.21 12.02 14.4  15.6  11.4  21.9       LEIXOES                      
  5  0  7  1 2014  7.10 11.7  18.2  291    16    6.38 10.04 15.8  15.6  12.1  22.7       LEIXOES                      
  5 30  7  1 2014  5.87 10.6  18.2  284    17    5.63  9.31 15.4  14.1  11.4  21.1       LEIXOES                      
  6  0  7  1 2014  6.69 11.3  18.2  291    15    6.20 10.38 15.7  14.1  11.8  21.1       LEIXOES                      
  6 30  7  1 2014  6.33 10.8  18.2  287    16    5.83  9.25 15.2  14.1  11.0  21.1       LEIXOES                      
  7  0  7  1 2014  5.31  9.8  18.2  288    22    5.20  8.69 14.4  14.8  10.7  19.5       LEIXOES                      
  7 30  7  1 2014  5.77 10.5  18.2  287    15    5.49 10.01 15.4  15.6  11.2  21.1       LEIXOES                      
  8  0  7  1 2014  5.85 10.2  18.2  286    18    5.62  9.03 14.4  16.4  11.1  21.1       LEIXOES                      
  0  0  9  1 2014  3.30  8.3  14.3  290    17    3.20  5.74 12.4  11.7   8.9  16.4       LEIXOES                      
  3  0  9  1 2014  2.99  8.2  13.3  298    22    2.80  4.89 11.1  10.9   8.4  15.6       LEIXOES                      
  6  0  9  1 2014  3.09  8.7  13.3  288    18    2.85  5.40 11.1  11.7   8.7  15.6       LEIXOES                      
 12  0 10  1 2014  2.11  7.3  11.1  306    26    1.95  3.49 10.1  10.9   7.7  13.3       LEIXOES                      
 15  0 10  1 2014  2.14  6.8  11.1  307    27    1.96  3.30 10.1   9.4   7.3  14.1       LEIXOES                      
 18  0 10  1 2014  1.97  6.0  11.1  305    27    1.80  2.92  9.2   9.4   6.3  12.5       LEIXOES                      
 21  0 10  1 2014  1.82  5.2  11.1  305    32    1.67  2.60  7.8  10.2   5.6  12.5       LEIXOES                      
  0  0 11  1 2014  1.59  5.5  10.0  305    29    1.47  2.40  8.0   9.4   5.9  12.5       LEIXOES                      
  3  0 11  1 2014  1.49  6.1  11.1  316    27    1.32  2.21  8.6   8.6   6.6  13.3       LEIXOES                      
  6  0 11  1 2014  1.36  6.4  10.5  305    25    1.25  2.11  8.9   9.4   6.5  14.8       LEIXOES                      
  9  0 11  1 2014  1.53  7.3  10.0  313    25    1.44  2.05 10.6  10.2   7.8  15.6       LEIXOES                      
 12  0 11  1 2014  2.16  8.9  14.3  312    16    1.97  3.34 12.1  11.7   9.1  17.2       LEIXOES                      
 15  0 11  1 2014  2.46  9.7  13.3  304    17    2.35  3.81 12.8  13.3  10.6  18.8       LEIXOES                      
 18  0 11  1 2014  2.52 10.3  14.3  305    20    2.43  3.41 13.0  14.1  10.8  18.0       LEIXOES                      
 21  0 11  1 2014  2.33  9.1  13.3  302    21    2.18  4.04 12.4  12.5   9.8  16.4       LEIXOES                      
  0  0 12  1 2014  2.33  7.5  13.3  302    19    2.15  3.90 12.3  12.5   8.1  18.0       LEIXOES                      
  3  0 12  1 2014  2.17  5.8  13.3  297    23    1.90  3.43 10.0  12.5   6.6  15.6       LEIXOES                      
  6  0 12  1 2014  2.13  5.2  14.3  302    27    1.93  3.07  7.4  10.2   5.6  14.8       LEIXOES                      
  9  0 12  1 2014  2.28  5.1  13.3  306    33    2.05  3.87  6.9   7.0   5.5  14.8       LEIXOES                      
 12  0 12  1 2014  2.48  5.9   7.0  219    24    2.25  3.64  8.0   7.8   6.3  16.4       LEIXOES                      
 15  0 12  1 2014  2.48  6.2  13.3  290    28    2.21  3.33  8.4  10.2   6.6  14.8       LEIXOES                      
 18  0 12  1 2014  2.32  6.1  14.3  292    24    2.18  3.42  8.4  10.2   6.7  15.6       LEIXOES                      
 21  0 12  1 2014  2.30  6.3  14.3  294    27    2.10  3.29  8.4  11.7   6.8  14.8       LEIXOES                      
  0  0 13  1 2014  2.54  6.7  13.3  291    22    2.36  4.57  9.1   8.6   7.2  14.8       LEIXOES                      
  3  0 13  1 2014  2.79  7.2  13.3  298    21    2.51  4.05  9.9  13.3   7.5  15.6       LEIXOES                      
  6  0 13  1 2014  3.32  8.0  14.3  293    21    3.10  4.77 11.6  14.1   8.6  17.2       LEIXOES                      
  9  0 13  1 2014  3.16  7.4  13.3  296    26    3.13  6.12 10.8  11.7   8.3  15.6       LEIXOES                      
 12  0 13  1 2014  3.63  7.7  13.3  298    23    3.47  5.96 11.5  11.7   8.3  18.0       LEIXOES                      
 15  0 13  1 2014  4.27  8.0  14.3  299    21    4.02  6.30 11.4  11.7   8.4  17.2       LEIXOES                      
 17  0 13  1 2014  4.90  9.0  15.4  307    16    4.56  7.54 12.4  11.7   9.3  18.0       LEIXOES                      
 17 30 13  1 2014  4.31  8.3  14.3  302    23    4.22  6.02 11.5  15.6   8.5  17.2       LEIXOES                      
 18  0 13  1 2014  5.07  9.2  14.3  305    16    4.79  8.99 12.6  12.5   9.6  18.8       LEIXOES                      
 18 30 13  1 2014  5.21  9.0  14.3  299    20    4.84  9.41 11.7  14.8   8.9  17.2       LEIXOES                      
 19  0 13  1 2014  4.78  8.2  14.3  303    21    4.68  8.24 12.0  12.5   9.2  17.2       LEIXOES                      
 19 30 13  1 2014  5.47  9.1  14.3  300    19    4.97  7.89 12.0  10.9   9.0  16.4       LEIXOES                      
 20  0 13  1 2014  4.58  8.7  15.4  310    22    4.50  8.37 11.9  15.6   9.3  17.2       LEIXOES                      
 20 30 13  1 2014  5.38  9.0  14.3  302    21    5.13  7.65 12.1  13.3   9.5  17.2       LEIXOES                      
 21  0 13  1 2014  4.88  8.7  14.3  305    20    4.71  7.78 12.4  12.5   8.8  16.4       LEIXOES                      
 21 30 13  1 2014  5.03  8.5  13.3  302    26    4.61  8.01 11.5  12.5   8.8  17.2       LEIXOES                      
 22  0 13  1 2014  5.11  8.7  13.3  300    23    4.81  6.49 11.7  11.7   8.8  17.2       LEIXOES                      
 22 30 13  1 2014  5.21  8.7  14.3  306    20    4.91  8.08 11.9  10.9   8.8  18.0       LEIXOES                      
 23  0 13  1 2014  5.46  8.9  15.4  308    17    5.19  8.22 12.2  11.7   9.2  18.8       LEIXOES                      
 23 30 13  1 2014  5.13  8.6  15.4  308    18    4.84  7.49 11.7  13.3   8.7  16.4       LEIXOES                      
  0  0 14  1 2014  5.15  8.6  14.3  307    20    4.81  7.61 11.5  14.1   8.9  17.2       LEIXOES                      
  0 30 14  1 2014  4.72  8.3  15.4  311    24    4.48  6.86 11.3   9.4   8.7  18.0       LEIXOES                      
  1  0 14  1 2014  4.89  8.6  14.3  306    22    4.55  6.98 12.2   9.4   8.8  16.4       LEIXOES                      
  1 30 14  1 2014  5.03  8.6  15.4  309    20    4.65  7.34 11.8  11.7   8.9  18.0       LEIXOES                      
  2  0 14  1 2014  5.34  8.9  13.3  294    23    5.13  7.71 12.0  13.3   9.7  17.2       LEIXOES                      
  2 30 14  1 2014  5.09  8.6  14.3  303    22    4.64  7.81 11.3  10.2   8.6  17.2       LEIXOES                      
  3  0 14  1 2014  5.44  9.0  14.3  309    19    4.93  8.85 11.7  12.5   9.2  16.4       LEIXOES                      
  3 30 14  1 2014  4.76  8.3  13.3  304    22    4.57  7.28 11.0  10.9   8.6  17.2       LEIXOES                      
  4  0 14  1 2014  4.75  8.3  12.5  301    26    4.36  7.17 11.1  10.9   8.5  16.4       LEIXOES                      
  4 30 14  1 2014  4.74  8.2  13.3  306    28    4.89  7.16 11.3  11.7   8.8  18.0       LEIXOES                      
  5  0 14  1 2014  4.70  8.4  14.3  306    23    4.39  6.12 11.4  10.9   8.8  18.0       LEIXOES                      
  5 30 14  1 2014  4.52  8.1  13.3  307    27    4.19  6.38 10.9   8.6   8.3  16.4       LEIXOES                      
  6  0 14  1 2014  4.78  8.2  11.1  304    22    4.40  7.50 10.7  10.2   7.9  16.4       LEIXOES                      
  6 30 14  1 2014  4.70  8.2  14.3  304    22    4.41  7.63 11.1   9.4   9.0  16.4       LEIXOES                      
  7  0 14  1 2014  4.55  8.1  14.3  308    25    4.25  7.48 11.4   8.6   8.6  17.2       LEIXOES                      
  7 30 14  1 2014  5.25  8.9  14.3  307    20    4.91  7.46 11.7   8.6   9.5  19.5       LEIXOES                      
  8  0 14  1 2014  5.10  8.7  14.3  305    23    4.99  8.87 12.1  13.3   9.4  18.0       LEIXOES                      
  8 30 14  1 2014  5.49  9.0  14.3  303    20    5.07  7.75 11.7  11.7   9.1  18.0       LEIXOES                      
  9  0 14  1 2014  4.80  8.5  13.3  300    23    4.45  6.72 11.5  12.5   8.8  18.0       LEIXOES                      
  9 30 14  1 2014  5.16  8.9  13.3  304    19    4.71  8.09 12.2   8.6   9.2  17.2       LEIXOES                      
 10  0 14  1 2014  4.80  8.5  12.5  303    24    4.70  8.84 11.5  11.7   9.0  15.6       LEIXOES                      
 10 30 14  1 2014  4.85  8.6  15.4  311    19    4.87  7.36 11.7  10.9   9.1  17.2       LEIXOES                      
 11  0 14  1 2014  4.79  8.5  13.3  301    22    4.55  8.24 11.3  11.7   8.8  17.2       LEIXOES                      
 11 30 14  1 2014  4.77  8.9  13.3  306    24    4.46  8.12 11.7  14.1   9.2  20.3       LEIXOES                      
 12  0 14  1 2014  4.65  8.6  13.3  306    20    4.61  7.64 11.2  10.9   9.2  18.8       LEIXOES                      
 12 30 14  1 2014  4.72  8.8  13.3  303    20    4.55  6.56 12.2  12.5   9.6  18.0       LEIXOES                      
 13  0 14  1 2014  4.70  8.8  14.3  302    20    4.29  6.99 12.4  13.3   9.2  17.2       LEIXOES                      
 13 30 14  1 2014  5.04  9.1  11.8  301    18    4.66  6.73 11.8  14.1   9.5  16.4       LEIXOES                      
 14  0 14  1 2014  4.56  8.9  13.3  308    22    4.40  8.21 12.3  13.3   9.6  17.2       LEIXOES                      
 14 30 14  1 2014  4.50  8.5  14.3  306    23    4.37  7.34 11.6  14.1   9.4  18.8       LEIXOES                      
 15  0 14  1 2014  4.24  8.7  14.3  302    21    3.90  9.17 12.1  12.5   9.0  18.8       LEIXOES                      
 15 30 14  1 2014  4.89  9.6  13.3  298    22    4.53  7.39 12.4  13.3   9.7  18.0       LEIXOES                      
 16  0 14  1 2014  4.94  9.2  13.3  304    21    4.53  6.85 12.1  12.5   9.5  16.4       LEIXOES                      
 16 30 14  1 2014  4.35  8.9  14.3  307    22    4.13  6.88 12.0  11.7   9.0  17.2       LEIXOES                      
 17  0 14  1 2014  4.42  9.1  14.3  308    19    4.11  6.58 12.4  13.3   9.2  18.0       LEIXOES                      
 17 30 14  1 2014  4.94  9.8  14.3  305    19    4.64  6.77 12.8  13.3   9.7  18.0       LEIXOES                      
 18  0 14  1 2014  4.75  9.5  14.3  307    19    4.41  7.02 12.0  12.5   9.6  18.8       LEIXOES                      
 18 30 14  1 2014  4.59  9.6  14.3  307    19    4.32  6.70 12.7  10.9  10.0  18.0       LEIXOES                      
 19  0 14  1 2014  4.46  9.3  13.3  308    23    4.22  7.90 12.7  13.3  10.3  17.2       LEIXOES                      
 19 30 14  1 2014  4.75  9.8  14.3  311    20    4.23  6.95 12.9  13.3   9.5  17.2       LEIXOES                      
 20  0 14  1 2014  4.84  9.9  14.3  309    19    4.68  6.94 12.6  12.5  10.4  17.2       LEIXOES                      
 20 30 14  1 2014  4.45  9.5  14.3  309    19    4.24  6.98 12.1  12.5   9.4  18.0       LEIXOES                      
 21  0 14  1 2014  3.97  8.9  13.3  306    22    3.85  6.10 12.2  14.1   9.7  17.2       LEIXOES                      
 21 30 14  1 2014  4.20  9.2  14.3  310    23    4.01  6.20 11.9  11.7   9.9  18.0       LEIXOES                      
 22  0 14  1 2014  4.21  9.3  14.3  312    21    4.09  5.64 12.0  10.9  10.1  18.0       LEIXOES                      
 22 30 14  1 2014  4.28  9.4  14.3  312    20    4.19  5.82 12.1  10.9   9.9  18.0       LEIXOES                      
 23  0 14  1 2014  4.58  9.7  14.3  313    18    4.18  7.84 12.5  12.5  10.2  17.2       LEIXOES                      
 23 30 14  1 2014  4.25  9.4  15.4  316    15    4.12  7.13 12.7  12.5   9.5  16.4       LEIXOES                      
  0  0 15  1 2014  3.90  8.9  15.4  315    19    3.86  6.52 12.0  12.5   9.1  18.0       LEIXOES                      
  3  0 15  1 2014  4.03  9.3  14.3  308    21    3.94  6.85 12.3  11.7   9.7  18.0       LEIXOES                      
  6  0 15  1 2014  3.52  8.6  13.3  309    21    3.40  5.20 12.2  13.3   9.4  17.2       LEIXOES                      
  9  0 15  1 2014  3.26  7.9  13.3  304    24    2.97  5.64 10.9  11.7   7.7  14.1       LEIXOES                      
 12  0 15  1 2014  3.54  7.7  13.3  309    19    3.16  5.51 11.0  11.7   7.8  15.6       LEIXOES                      
 15  0 15  1 2014  3.42  7.3  11.8  303    22    3.21  4.94 10.8  11.7   7.6  16.4       LEIXOES                      
 18  0 15  1 2014  3.43  6.7  12.5  304    25    3.09  4.65  9.4  10.9   7.1  15.6       LEIXOES                      
 21  0 15  1 2014  3.38  7.2  12.5  306    24    3.20  5.52 10.1   9.4   7.6  14.8       LEIXOES                      
  0  0 16  1 2014  4.31  8.0  12.5  303    19    4.11  6.36 11.4  11.7   8.6  16.4       LEIXOES                      
  0 30 16  1 2014  4.48  8.3  13.3  302    19    4.21  6.98 11.6  11.7   8.7  15.6       LEIXOES                      
  1  0 16  1 2014  4.39  8.1  14.3  307    20    4.05  6.60 11.1  10.9   8.0  16.4       LEIXOES                      
  1 30 16  1 2014  4.09  7.8  14.3  307    18    3.97  7.62 10.7  10.2   8.0  15.6       LEIXOES                      
  2  0 16  1 2014  4.31  8.0  12.5  305    20    4.05  6.73 11.4  13.3   8.5  17.2       LEIXOES                      
  2 30 16  1 2014  4.63  8.3  13.3  302    20    4.31  6.92 11.7  11.7   8.7  16.4       LEIXOES                      
  3  0 16  1 2014  4.27  7.8  13.3  306    24    4.17  8.02 10.5  10.2   7.9  14.8       LEIXOES                      
  3 30 16  1 2014  4.43  8.0  14.3  306    21    4.21  6.93 10.8  12.5   8.4  17.2       LEIXOES                      
  4  0 16  1 2014  4.39  8.0  14.3  306    18    4.27  7.35 11.2  10.9   8.8  15.6       LEIXOES                      
  4 30 16  1 2014  4.63  8.3  13.3  305    22    4.43  6.49 11.3  10.9   8.8  15.6       LEIXOES                      
  5  0 16  1 2014  5.13  8.8  14.3  300    18    4.75  8.37 11.4  11.7   8.9  19.5       LEIXOES                      
  5 30 16  1 2014  4.53  8.0  12.5  301    21    4.42  7.07 11.2  11.7   8.8  16.4       LEIXOES                      
  6  0 16  1 2014  4.72  8.5  14.3  295    17    4.40  6.69 11.6  10.2   9.3  17.2       LEIXOES                      
  6 30 16  1 2014  4.90  8.5  12.5  303    20    4.65  6.98 11.2  10.9   8.6  17.2       LEIXOES                      
  7  0 16  1 2014  4.95  8.5  13.3  297    21    4.63  6.65 11.5   9.4   9.5  15.6       LEIXOES                      
  7 30 16  1 2014  4.58  8.1  13.3  298    23    4.28  8.24 10.6  10.2   8.1  16.4       LEIXOES                      
  8  0 16  1 2014  4.86  8.4  12.5  302    21    4.46  7.67 11.0  12.5   8.6  14.8       LEIXOES                      
  8 30 16  1 2014  4.47  8.3  12.5  303    22    4.56  8.45 11.5  11.7   8.7  17.2       LEIXOES                      
 14 30 17  1 2014  4.74  7.6  13.3  303    28    4.36  7.31 10.5   7.8   7.9  15.6       LEIXOES                      
 15  0 17  1 2014  5.18  8.2  14.3  305    22    4.66  7.29 11.6  10.2   8.7  16.4       LEIXOES                      
 15 30 17  1 2014  4.64  8.0  14.3  298    25    4.67  6.58 10.5   9.4   8.7  18.8       LEIXOES                      
 16  0 17  1 2014  5.12  8.5  13.3  299    22    4.87  7.96 12.0  11.7   9.0  17.2       LEIXOES                      
 16 30 17  1 2014  4.91  8.2  13.3  305    23    4.64  7.07 11.7  12.5   8.4  16.4       LEIXOES                      
 17  0 17  1 2014  4.53  7.9  13.3  302    25    4.25  7.55 11.5  13.3   8.1  16.4       LEIXOES                      
 17 30 17  1 2014  4.98  8.6  13.3  298    19    4.76  7.34 12.1  10.9   9.0  17.2       LEIXOES                      
 18  0 17  1 2014  4.50  8.0  14.3  306    28    4.52  7.48 12.1  10.9   8.7  17.2       LEIXOES                      
 18 30 17  1 2014  4.57  8.2  14.3  297    24    4.22  7.02 11.8  14.8   8.6  18.8       LEIXOES                      
 19  0 17  1 2014  4.90  8.7  14.3  296    19    4.64  7.83 12.4  14.1   9.0  17.2       LEIXOES                      
 19 30 17  1 2014  4.90  8.9  14.3  302    18    4.68  7.32 12.8  12.5   9.6  17.2       LEIXOES                      
 20  0 17  1 2014  4.59  8.8  12.5  297    25    4.23  7.06 12.3  11.7   8.8  17.2       LEIXOES                      
 20 30 17  1 2014  4.96  9.1  14.3  301    18    4.76  6.86 13.0  14.1   9.7  17.2       LEIXOES                      
 21  0 17  1 2014  4.57  8.6  14.3  301    21    4.53  8.37 12.8  13.3   9.2  18.0       LEIXOES                      
 21 30 17  1 2014  4.56  8.8  13.3  297    21    4.27  6.20 12.6  13.3   9.1  16.4       LEIXOES                      
 22  0 17  1 2014  4.91  9.3  14.3  297    19    4.69  6.98 12.6  13.3  10.2  18.0       LEIXOES                      
 22 30 17  1 2014  4.96  9.2  14.3  299    20    4.75  7.20 12.7  12.5   9.6  17.2       LEIXOES                      
 23  0 17  1 2014  4.66  9.1  14.3  296    22    4.54  7.02 12.6  14.1  10.0  17.2       LEIXOES                      
 23 30 17  1 2014  5.24  9.8  15.4  295    17    5.16  8.10 13.0  14.1  10.3  18.0       LEIXOES                      
  0  0 18  1 2014  4.93  9.7  15.4  295    15    4.75  8.00 13.6  14.1  10.2  18.0       LEIXOES                      
  0 30 18  1 2014  5.11  9.6  15.4  291    17    4.75  8.30 12.5  12.5   9.9  17.2       LEIXOES                      
  1  0 18  1 2014  5.22  9.9  15.4  295    14    4.77  7.49 12.9  12.5  10.2  18.8       LEIXOES                      
  1 30 18  1 2014  5.31 10.2  15.4  295    17    4.97  7.60 13.4  12.5  10.9  19.5       LEIXOES                      
  2  0 18  1 2014  5.18 10.0  15.4  299    17    4.69  7.99 13.2  12.5  10.1  19.5       LEIXOES                      
  3  0 18  1 2014  5.15 10.2  16.7  296    18    4.90  8.61 13.2  12.5  10.7  20.3       LEIXOES                      
  3 30 18  1 2014  5.33 10.4  16.7  295    16    5.07  8.03 13.7  12.5  10.7  19.5       LEIXOES                      
  4  0 18  1 2014  5.18  9.9  13.3  294    21    4.86  7.04 12.9  12.5  10.4  18.0       LEIXOES                      
  4 30 18  1 2014  5.40 10.2  15.4  296    16    4.99  7.04 13.4  15.6  11.1  21.1       LEIXOES                      
  5  0 18  1 2014  5.10  9.3  12.5  301    20    4.87  7.66 13.1  12.5   9.9  19.5       LEIXOES                      
  5 30 18  1 2014  5.97 10.2  15.4  297    17    5.88  8.73 13.0  13.3  10.5  19.5       LEIXOES                      
  6  0 18  1 2014  5.68 10.2  15.4  298    16    5.30  9.65 13.8  13.3  10.4  18.0       LEIXOES                      
  6 30 18  1 2014  5.62  9.8  16.7  297    18    5.34  8.24 12.8  14.1  10.4  20.3       LEIXOES                      
  7  0 18  1 2014  5.62  9.5  13.3  294    19    5.02  8.91 12.4  12.5   9.2  20.3       LEIXOES                      
  7 30 18  1 2014  5.88  9.8  13.3  292    17    5.29  9.19 12.8  13.3   9.9  18.0       LEIXOES                      
  8  0 18  1 2014  5.51  9.6  16.7  300    19    5.01  8.78 12.8  12.5   9.5  20.3       LEIXOES                      
  8 30 18  1 2014  5.34  9.8  16.7  303    17    5.02  8.44 13.6  13.3   9.9  18.8       LEIXOES                      
  9  0 18  1 2014  5.10  9.3  14.3  298    19    4.88  7.96 12.4  12.5   9.4  20.3       LEIXOES                      
  9 30 18  1 2014  5.23  9.5  14.3  297    17    5.19  6.92 13.0  16.4  10.4  18.8       LEIXOES                      
 10  0 18  1 2014  4.91  9.2  16.7  308    16    4.90 11.04 13.0  11.7  10.2  19.5       LEIXOES                      
 10 30 18  1 2014  4.96  9.3  16.7  301    18    4.74  8.26 12.7  14.1   9.7  18.0       LEIXOES                      
 11  0 18  1 2014  4.87  9.1  12.5  302    18    4.55  7.01 12.5  10.2   9.9  18.0       LEIXOES                      
 11 30 18  1 2014  4.98  9.4  15.4  299    21    4.69  9.25 13.0  11.7  10.4  17.2       LEIXOES                      
 12  0 18  1 2014  4.63  9.0  15.4  306    20    4.43  7.59 12.4  11.7   9.0  19.5       LEIXOES                      
 12 30 18  1 2014  4.84  9.4  15.4  308    17    5.00  7.72 13.3  12.5  10.2  17.2       LEIXOES                      
 13  0 18  1 2014  5.05  9.5  14.3  306    16    4.72  9.13 12.7  14.1   9.6  17.2       LEIXOES                      
 13 30 18  1 2014  4.91  9.2  15.4  305    18    4.46  7.01 11.7  12.5   9.3  17.2       LEIXOES                      
 14  0 18  1 2014  4.94  9.3  15.4  306    18    4.62  7.06 12.8  14.1   9.5  18.8       LEIXOES                      
 14 30 18  1 2014  4.81  9.1  14.3  308    16    4.59  7.73 12.3  12.5   9.2  18.0       LEIXOES                      
 15  0 18  1 2014  5.14  9.5  15.4  305    16    4.79  7.68 12.5  14.1  10.0  17.2       LEIXOES                      
 15 30 18  1 2014  5.09  9.3  14.3  308    19    4.73  9.41 12.4  13.3   9.9  18.8       LEIXOES                      
 16  0 18  1 2014  4.59  8.9  15.4  310    17    4.29  7.59 12.0  13.3   9.0  16.4       LEIXOES                      
 16 30 18  1 2014  4.42  8.9  14.3  310    21    4.15  6.57 12.2  11.7   9.6  17.2       LEIXOES                      
 17  0 18  1 2014  4.30  8.8  15.4  308    19    4.15  6.12 12.2  12.5   9.1  18.0       LEIXOES                      
 17 30 18  1 2014  4.84  9.2  14.3  308    16    4.43  7.51 12.0  14.8   9.5  18.0       LEIXOES                      
 18  0 18  1 2014  5.00  9.3  14.3  306    17    4.42  6.14 12.4  14.8   9.1  17.2       LEIXOES                      
 18 30 18  1 2014  3.88  8.4  14.3  313    21    3.68  5.61 11.2  10.9   8.9  16.4       LEIXOES                      
 19  0 18  1 2014  4.26  9.2  14.3  306    18    3.97  6.66 12.2  14.1   9.4  18.0       LEIXOES                      
 19 30 18  1 2014  3.90  8.6  12.5  310    18    3.76  7.04 11.2  12.5   9.0  14.8       LEIXOES                      
 20  0 18  1 2014  4.64  9.4  14.3  307    17    4.23  7.03 12.1  13.3   9.2  18.8       LEIXOES                      
 21  0 18  1 2014  4.17  8.8  14.3  306    16    3.84  7.72 11.9  11.7   9.2  16.4       LEIXOES                      
  0  0 19  1 2014  3.52  7.2  11.8  305    21    3.31  5.93 10.6  11.7   7.4  15.6       LEIXOES                      
  3  0 19  1 2014  3.65  7.0  14.3  303    23    3.09  4.51 10.0  14.8   6.8  14.8       LEIXOES                      
  6  0 19  1 2014  4.25  7.4  13.3  311    23    3.79  6.26  9.6  10.9   7.6  14.8       LEIXOES                      
  9  0 19  1 2014  3.66  7.3  12.5  310    22    3.38  4.95  9.5   9.4   7.6  14.1       LEIXOES                      
 12  0 19  1 2014  3.47  7.4  10.0  299    21    3.35  5.78  9.3  10.2   7.8  15.6       LEIXOES                      
 15  0 19  1 2014  3.39  7.3  10.0  309    29    3.23  5.25  9.2  10.9   7.7  14.8       LEIXOES                      
 18  0 19  1 2014  3.51  7.1  11.8  305    30    3.47  6.32 10.1   8.6   7.9  14.8       LEIXOES                      
 21  0 19  1 2014  3.32  7.0  11.1  305    29    3.12  4.90  9.8  10.2   7.5  14.8       LEIXOES                      
  0  0 20  1 2014  3.70  7.8  11.8  304    19    3.59  5.90 10.6   9.4   8.2  14.8       LEIXOES                      
  3  0 20  1 2014  3.45  8.0  11.8  317    23    3.19  4.74 10.6  10.9   8.2  14.1       LEIXOES                      
  6  0 20  1 2014  3.29  8.0  11.1  311    21    3.15  5.24 10.7  10.2   8.5  14.8       LEIXOES                      
  9  0 20  1 2014  3.41  8.0  11.8  319    25    3.24  4.90 10.5   9.4   8.2  14.8       LEIXOES                      
 15  0 20  1 2014  2.54  7.6  12.5  329    25    2.43  3.41  9.9   9.4   7.9  14.8       LEIXOES                      
 18  0 20  1 2014  2.59  7.7  11.8  314    26    2.50  4.89 10.3  10.9   7.8  14.1       LEIXOES                      
 21  0 20  1 2014  2.46  7.6  10.5  324    23    2.43  4.62  9.9  10.9   8.4  14.1       LEIXOES                      
  0  0 21  1 2014  2.55  7.7  11.8  328    26    2.39  3.77  9.9  10.2   8.2  14.8       LEIXOES                      
  3  0 21  1 2014  2.33  7.0  11.1  320    26    2.29  3.68 10.1  10.9   8.0  15.6       LEIXOES                      
  6  0 21  1 2014  2.34  6.6  11.8  326    21    2.27  4.20 10.3   9.4   7.2  16.4       LEIXOES                      
 12  0 21  1 2014  2.43  5.8  12.5  324    22    2.15  3.86  8.0  10.9   6.0  14.8       LEIXOES                      
 15  0 21  1 2014  2.52  5.9  11.8  323    17    2.34  4.71  8.4   8.6   6.4  15.6       LEIXOES                      
 21  0 21  1 2014  2.10  6.2  13.3  316    28    1.89  3.33  8.2  10.9   6.3  13.3       LEIXOES                      
  0  0 22  1 2014  1.96  6.2  12.5  320    22    1.81  3.07  8.5   7.0   6.4  14.8       LEIXOES                      
  3  0 22  1 2014  1.87  6.2  11.8  316    22    1.76  3.00  8.4   7.8   6.6  13.3       LEIXOES                      
  6  0 22  1 2014  2.14  5.8  16.7  299    27    1.95  3.27  8.8   9.4   6.2  17.2       LEIXOES                      
  9  0 22  1 2014  2.74  6.0  15.4  303    21    2.54  3.99  9.5  14.8   6.9  18.0       LEIXOES                      
 12  0 22  1 2014  3.48  7.7  15.4  306    20    3.29  5.04 12.6  10.9   8.4  18.8       LEIXOES                      
 15  0 22  1 2014  3.62  8.1  15.4  313    18    3.40  5.63 12.0  12.5   8.3  18.8       LEIXOES                      
 18  0 22  1 2014  4.06  7.7  15.4  309    17    3.77  5.50 11.4  10.9   8.2  16.4       LEIXOES                      
 21  0 22  1 2014  3.75  7.6  14.3  311    17    3.55  5.95 11.2  12.5   8.2  18.0       LEIXOES                      
  0  0 23  1 2014  3.72  8.0  14.3  312    18    3.57  5.60 10.9   8.6   8.2  17.2       LEIXOES                      
  3  0 23  1 2014  3.29  7.7  14.3  320    21    3.22  4.69 10.3  11.7   8.3  15.6       LEIXOES                      
  6  0 23  1 2014  3.49  8.6  12.5  313    22    3.25  6.12 11.0  10.9   8.6  16.4       LEIXOES                      
  9  0 23  1 2014  2.89  8.2  12.5  312    20    2.77  4.70 10.5   9.4   8.3  16.4       LEIXOES                      
 12  0 23  1 2014  2.81  8.4  11.8  312    23    2.72  4.49 10.9   9.4   9.0  16.4       LEIXOES                      
 15  0 23  1 2014  2.94  8.3  12.5  309    22    2.81  5.68 10.5  10.2   8.6  15.6       LEIXOES                      
 18  0 23  1 2014  2.50  7.5  11.8  313    26    2.41  4.25 10.1   9.4   8.0  15.6       LEIXOES                      
 21  0 23  1 2014  2.60  6.8  12.5  306    21    2.41  3.96  9.8   9.4   7.1  14.1       LEIXOES                      
  0  0 24  1 2014  2.47  6.4  11.8  310    22    2.30  4.41  9.4   9.4   6.7  15.6       LEIXOES                      
  3  0 24  1 2014  2.43  7.3  11.1  316    22    2.29  4.02 10.0   9.4   7.8  13.3       LEIXOES                      
  6  0 24  1 2014  2.24  7.3  11.1  314    25    2.22  3.25  9.9   9.4   8.0  14.8       LEIXOES                      
  9  0 24  1 2014  2.28  7.9  11.1  310    21    2.23  3.71 10.2   9.4   8.4  14.1       LEIXOES                      
 12  0 24  1 2014  2.19  7.7  11.1  320    29    2.04  3.13  9.6   9.4   8.2  14.1       LEIXOES                      
 15  0 24  1 2014  2.04  6.8  11.1  319    29    1.96  3.10  9.6   9.4   7.2  13.3       LEIXOES                      
 18  0 24  1 2014  1.87  6.5  10.5  315    36    1.77  3.24  9.8  10.2   7.0  14.8       LEIXOES                      
 21  0 24  1 2014  2.14  7.6  10.5  316    25    2.06  3.41  9.8   8.6   7.8  14.8       LEIXOES                      
  0  0 25  1 2014  2.27  7.3  10.0  313    22    2.20  4.07  9.8  10.9   7.8  15.6       LEIXOES                      
  3  0 25  1 2014  2.72  7.7  10.5  321    25    2.48  3.69  9.8   9.4   7.9  14.8       LEIXOES                      
  6  0 25  1 2014  3.10  7.8  10.0  327    19    2.83  4.09 10.3  12.5   8.4  17.2       LEIXOES                      
  9  0 25  1 2014  3.02  7.6  11.1  321    22    2.84  4.49 10.5  10.9   8.0  14.8       LEIXOES                      
 12  0 25  1 2014  2.81  7.9  11.8  318    21    2.61  3.99 10.9   9.4   8.3  15.6       LEIXOES                      
 15  0 25  1 2014  2.88  8.3  12.5  319    21    2.69  4.57 11.3  10.2   8.6  15.6       LEIXOES                      
 18  0 25  1 2014  2.88  7.7  12.5  319    18    2.66  4.49 10.3   9.4   7.6  14.8       LEIXOES                      
 21  0 25  1 2014  2.76  7.7  10.5  316    21    2.63  4.16 10.6  10.2   8.2  18.0       LEIXOES                      
  0  0 26  1 2014  3.05  8.6  13.3  317    19    2.87  4.11 11.4  10.2   9.0  18.0       LEIXOES                      
  3  0 26  1 2014  3.13  9.4  12.5  318    16    2.92  5.17 12.8  12.5   9.8  19.5       LEIXOES                      
  6  0 26  1 2014  3.26 10.2  18.2  299    19    3.01  5.36 13.1  12.5  10.2  21.1       LEIXOES                      
  9  0 26  1 2014  3.23 10.5  16.7  307    25    3.25  5.73 14.0  15.6  11.1  21.1       LEIXOES                      
 12  0 26  1 2014  3.96 11.1  15.4  307    18    3.75  6.03 14.2  14.1  11.1  21.1       LEIXOES                      
 15  0 26  1 2014  3.45 10.0  15.4  307    23    3.21  4.49 13.6  12.5  10.6  18.0       LEIXOES                      
 18  0 26  1 2014  3.41  9.4  15.4  307    21    3.18  5.56 13.7  14.1   9.7  19.5       LEIXOES                      
 21  0 26  1 2014  3.61  8.5  13.3  313    22    3.39  5.20 13.0  12.5   8.9  18.8       LEIXOES                      
  0  0 27  1 2014  3.68  8.0  14.3  312    27    3.46  5.85 11.3  11.7   8.4  18.0       LEIXOES                      
  0 30 27  1 2014  3.84  8.3  15.4  294    21    3.73  5.11 12.9  10.9   9.4  18.8       LEIXOES                      
  1  0 27  1 2014  3.52  8.0  15.4  303    23    3.34  5.55 12.4  10.2   8.8  18.0       LEIXOES                      
  1 30 27  1 2014  3.72  7.9  15.4  307    22    3.39  4.93 11.8  13.3   8.7  17.2       LEIXOES                      
  2  0 27  1 2014  3.85  8.2  15.4  303    20    3.69  5.56 12.5  15.6   9.4  17.2       LEIXOES                      
  2 30 27  1 2014  3.95  8.3  14.3  306    21    3.71  6.30 12.1  14.1   8.1  17.2       LEIXOES                      
  3  0 27  1 2014  3.71  7.6  13.3  304    22    3.50  5.36 11.8  13.3   8.5  18.0       LEIXOES                      
  3 30 27  1 2014  3.61  7.6  14.3  305    22    3.47  6.97 11.7  12.5   7.9  18.0       LEIXOES                      
  4  0 27  1 2014  3.94  7.9  15.4  306    22    3.63  6.40 11.5  11.7   8.0  18.8       LEIXOES                      
  4 30 27  1 2014  3.94  8.0  14.3  304    24    3.62  5.37 11.0  12.5   8.4  17.2       LEIXOES                      
  5  0 27  1 2014  4.54  8.7  14.3  307    18    4.05  6.55 12.2  12.5   8.8  18.0       LEIXOES                      
  5 30 27  1 2014  3.91  8.3  14.3  304    24    3.67  7.12 11.9  10.9   8.9  16.4       LEIXOES                      
  6  0 27  1 2014  3.97  8.7  15.4  310    22    3.98  7.01 12.4  13.3   9.4  18.0       LEIXOES                      
  6 30 27  1 2014  4.38  9.0  15.4  311    17    3.94  5.94 12.5  15.6   9.3  17.2       LEIXOES                      
  7  0 27  1 2014  4.08  8.8  14.3  305    24    3.83  5.27 12.1  12.5   9.3  18.0       LEIXOES                      
  7 30 27  1 2014  4.78  9.3  14.3  311    18    4.54  6.27 12.5  10.9   9.5  17.2       LEIXOES                      
  8  0 27  1 2014  4.05  8.5  14.3  308    29    3.86  5.81 12.1  12.5   9.3  18.8       LEIXOES                      
  8 30 27  1 2014  4.72  9.1  15.4  311    22    4.38  7.15 12.4  10.9   9.3  18.0       LEIXOES                      
  9  0 27  1 2014  5.10  9.3  14.3  315    18    4.81  7.35 12.9  11.7   9.5  18.8       LEIXOES                      
  9 30 27  1 2014  5.10  9.0  14.3  310    22    4.92  8.48 12.5  12.5   9.6  19.5       LEIXOES                      
 10  0 27  1 2014  4.67  8.5  15.4  314    19    4.33  7.49 12.1  15.6   8.6  16.4       LEIXOES                      
 10 30 27  1 2014  5.07  9.2  15.4  313    20    4.61 11.37 12.1  12.5   9.0  18.0       LEIXOES                      
 11  0 27  1 2014  5.69  9.7  15.4  313    19    5.28  8.38 13.1  12.5  10.0  20.3       LEIXOES                      
 11 30 27  1 2014  5.62  9.4  12.5  314    18    5.23  7.31 12.5  12.5   9.5  18.0       LEIXOES                      
 12  0 27  1 2014  5.43  9.3  15.4  316    21    5.46  7.78 12.9  12.5   9.7  19.5       LEIXOES                      
 12 30 27  1 2014  5.27  8.9  15.4  315    23    4.85  8.31 12.4  13.3   8.9  18.0       LEIXOES                      
 13  0 27  1 2014  5.92  9.6  14.3  315    17    5.31  9.29 13.0  13.3   9.8  19.5       LEIXOES                      
 13 30 27  1 2014  5.35  9.0  15.4  313    18    5.01  7.26 13.0  12.5   9.7  21.1       LEIXOES                      
 14  0 27  1 2014  6.02  9.5  16.7  314    14    5.72  9.04 13.7  11.7  10.1  18.8       LEIXOES                      
 14 30 27  1 2014  5.54  8.8  15.4  311    19    5.30  7.48 12.8  13.3   9.9  18.8       LEIXOES                      
 15  0 27  1 2014  5.73  9.2  13.3  309    22    5.55  8.69 13.1  12.5   9.8  19.5       LEIXOES                      
 15 30 27  1 2014  6.20  9.4  15.4  312    15    5.44  9.02 13.0  13.3   9.6  19.5       LEIXOES                      
 16  0 27  1 2014  5.38  8.5  14.3  310    18    5.11  7.35 12.6  14.1   9.0  18.0       LEIXOES                      
 16 30 27  1 2014  5.94  9.1  15.4  315    18    5.52  8.32 13.1  13.3   9.7  18.0       LEIXOES                      
 17  0 27  1 2014  5.88  9.0  15.4  313    19    5.70  8.62 12.9  13.3   9.5  18.8       LEIXOES                      
 17 30 27  1 2014  5.84  8.9  15.4  311    18    5.20  8.04 12.4  14.8   8.8  18.0       LEIXOES                      
 18  0 27  1 2014  5.66  9.2  15.4  315    20    5.23  9.22 12.6  14.1   9.3  18.0       LEIXOES                      
 18 30 27  1 2014  5.82  9.1  16.7  318    17    5.84  8.70 13.7  13.3   9.9  18.0       LEIXOES                      
 19  0 27  1 2014  6.03  9.0  15.4  316    17    5.86 10.30 12.8  11.7   9.7  18.8       LEIXOES                      
 19 30 27  1 2014  6.32  9.4  15.4  322    21    5.94  8.55 13.2  13.3  10.2  18.8       LEIXOES                      
 20  0 27  1 2014  6.00  9.2  15.4  314    18    5.55  8.62 12.5  11.7   9.7  17.2       LEIXOES                      
 20 30 27  1 2014  6.03  9.4  15.4  320    18    5.56  8.99 12.8  13.3   9.6  18.8       LEIXOES                      
 21  0 27  1 2014  6.12  9.8  15.4  316    17    5.86  9.20 12.9  12.5   9.9  22.7       LEIXOES                      
 21 30 27  1 2014  6.05  9.8  15.4  316    17    5.79  8.19 13.9  14.1  10.7  18.8       LEIXOES                      
 22  0 27  1 2014  5.89  9.5  14.3  311    24    5.24  7.86 12.5  14.8   9.0  18.0       LEIXOES                      
 22 30 27  1 2014  5.43  9.2  15.4  314    21    5.49 10.16 13.1  13.3   9.8  18.8       LEIXOES                      
 23  0 27  1 2014  6.36 10.1  15.4  313    19    5.94  9.46 13.8  14.8  10.9  20.3       LEIXOES                      
 23 30 27  1 2014  5.81  9.7  16.7  319    19    5.51  9.68 13.6  10.9  10.2  20.3       LEIXOES                      
  0  0 28  1 2014  6.43 10.6  16.7  317    16    5.94  9.54 14.0  12.5  10.4  20.3       LEIXOES                      
  0 30 28  1 2014  5.81 10.1  14.3  318    26    5.87 11.03 13.4  14.1  10.6  21.1       LEIXOES                      
  1  0 28  1 2014  6.62 11.1  16.7  316    16    6.22  9.68 14.3  13.3  11.4  21.1       LEIXOES                      
  1 30 28  1 2014  6.61 10.8  15.4  317    20    6.07 10.17 14.7  15.6  10.8  20.3       LEIXOES                      
  2  0 28  1 2014  6.27 10.6  16.7  317    16    6.08  8.78 14.6  18.0  11.2  22.7       LEIXOES                      
  2 30 28  1 2014  7.03 11.4  16.7  316    17    6.85 15.17 15.0  14.8  12.1  21.1       LEIXOES                      
  3  0 28  1 2014  6.92 11.2  16.7  315    17    6.63  9.51 14.5  17.2  11.5  21.1       LEIXOES                      
  3 30 28  1 2014  7.41 11.6  16.7  315    15    6.64 10.04 15.3  14.1  11.4  22.7       LEIXOES                      
  4  0 28  1 2014  7.40 11.2  18.2  317    17    7.41 11.76 15.1  14.1  11.1  19.5       LEIXOES                      
  4 30 28  1 2014  7.05 11.0  18.2  313    19    6.76  9.75 14.7  14.8  11.5  23.4       LEIXOES                      
  5  0 28  1 2014  6.89 10.8  16.7  315    16    6.87 10.93 15.3  14.8  11.4  21.1       LEIXOES                      
  5 30 28  1 2014  7.05 10.8  18.2  315    16    6.94 10.46 15.3  14.8  11.3  20.3       LEIXOES                      
  6  0 28  1 2014  6.56 10.8  16.7  312    18    6.28  8.57 14.5  14.8  11.0  21.1       LEIXOES                      
  6 30 28  1 2014  6.96 10.8  16.7  312    18    6.42  9.60 14.6  14.8  10.8  21.9       LEIXOES                      
  7  0 28  1 2014  6.64 10.7  18.2  311    16    6.00  9.95 14.3  13.3  10.1  19.5       LEIXOES                      
  7 30 28  1 2014  7.06 10.8  18.2  315    16    6.54 10.07 14.5  16.4  10.9  21.9       LEIXOES                      
  8  0 28  1 2014  6.70 10.5  16.7  313    17    6.21  9.37 14.4  16.4  10.8  21.1       LEIXOES                      
  8 30 28  1 2014  5.95  9.7  16.7  315    19    5.56  8.87 13.5  14.1   9.9  18.8       LEIXOES                      
  9  0 28  1 2014  6.01  9.5  16.7  319    20    5.74  8.56 13.4  14.8  10.1  20.3       LEIXOES                      
  9 30 28  1 2014  5.97  9.4  16.7  315    20    5.73  9.28 13.4  15.6   9.7  19.5       LEIXOES                      
 10  0 28  1 2014  6.14  9.3  18.2  318    20    5.65  9.38 13.7  13.3   9.7  20.3       LEIXOES                      
 10 30 28  1 2014  6.05  9.2  16.7  315    18    5.80  9.10 13.4  12.5   9.7  21.9       LEIXOES                      
 11  0 28  1 2014  5.98  9.3  16.7  317    18    5.80  9.09 13.5  13.3   9.5  20.3       LEIXOES                      
 11 30 28  1 2014  5.96  9.2  16.7  315    23    5.69  9.99 13.1  12.5   9.7  20.3       LEIXOES                      
 12  0 28  1 2014  5.94  9.1  16.7  317    17    5.62  8.70 12.7  11.7   9.6  19.5       LEIXOES                      
 12 30 28  1 2014  6.38  9.5  16.7  319    17    5.94  9.63 12.6  16.4   9.6  18.0       LEIXOES                      
 13  0 28  1 2014  6.23  9.3  16.7  320    18    6.01  8.50 13.0  11.7  10.2  19.5       LEIXOES                      
 13 30 28  1 2014  6.07  9.0  16.7  319    18    5.56  8.39 13.2  14.8   9.7  19.5       LEIXOES                      
 14  0 28  1 2014  6.26  9.4  16.7  316    17    5.92 11.95 13.0  15.6   9.8  22.7       LEIXOES                      
 14 30 28  1 2014  5.90  9.2  14.3  315    20    5.80  8.75 12.8  14.8   9.9  20.3       LEIXOES                      
 15  0 28  1 2014  5.69  9.1  16.7  312    22    5.35  8.68 12.6  12.5   9.4  18.0       LEIXOES                      
 15 30 28  1 2014  6.47  9.6  16.7  315    17    5.91  9.39 13.2  16.4   9.8  19.5       LEIXOES                      
 16  0 28  1 2014  6.68 10.2  16.7  318    16    6.02 10.41 13.8  12.5  10.3  20.3       LEIXOES                      
 16 30 28  1 2014  6.09  9.3  16.7  313    19    5.71 10.12 12.6  13.3   9.6  21.1       LEIXOES                      
 17  0 28  1 2014  5.57  8.8  13.3  321    21    5.37  9.04 12.2  12.5   9.3  20.3       LEIXOES                      
 17 30 28  1 2014  6.20  9.8  16.7  318    18    5.67  8.31 13.3  15.6  10.2  20.3       LEIXOES                      
 18  0 28  1 2014  6.17  9.8  14.3  318    20    6.05  9.30 13.7  14.1  10.8  18.8       LEIXOES                      
 18 30 28  1 2014  6.60 10.1  15.4  320    17    5.97  9.10 12.9  13.3  10.4  18.8       LEIXOES                      
 19  0 28  1 2014  6.88 10.2  15.4  319    17    6.47  8.93 13.0  13.3  10.5  18.8       LEIXOES                      
 19 30 28  1 2014  6.01  9.6  14.3  318    18    5.86  9.51 12.8  14.8  10.0  19.5       LEIXOES                      
 20  0 28  1 2014  6.22 10.0  16.7  315    17    6.23 10.09 13.3  14.1  10.7  18.8       LEIXOES                      
 20 30 28  1 2014  6.38 10.1  16.7  315    15    6.29 12.09 13.0  11.7  10.6  20.3       LEIXOES                      
 21  0 28  1 2014  7.13 10.4  15.4  318    17    6.78 10.45 13.9  13.3  11.0  18.8       LEIXOES                      
 21 30 28  1 2014  6.77  9.8  13.3  323    21    6.08 11.68 12.3  10.9   9.8  19.5       LEIXOES                      
 22  0 28  1 2014  6.32 10.1  15.4  312    20    6.40 11.25 13.8  14.1  10.9  18.8       LEIXOES                      
 22 30 28  1 2014  6.26  9.6  14.3  320    21    6.33  9.79 12.9  11.7  10.2  18.0       LEIXOES                      
 23 30 28  1 2014  6.15  9.2  14.3  319    22    5.94 10.13 12.8  10.9   9.5  18.0       LEIXOES                      
  0  0 29  1 2014  6.56  9.6  14.3  316    19    6.27 10.93 12.6  14.1  10.0  17.2       LEIXOES                      
  0 30 29  1 2014  6.56  9.3  15.4  322    18    6.19 10.09 12.5  13.3   9.4  17.2       LEIXOES                      
  1  0 29  1 2014  6.98  9.8  15.4  320    17    6.87 11.12 13.5  14.1  10.1  18.0       LEIXOES                      
  1 30 29  1 2014  6.95  9.7  15.4  314    17    6.34 10.59 12.6  14.1   9.7  18.0       LEIXOES                      
  2  0 29  1 2014  6.07  9.0  15.4  323    23    5.97 10.11 12.6  10.9   9.3  17.2       LEIXOES                      
  2 30 29  1 2014  6.43  9.2  15.4  316    21    6.28 12.14 12.4  13.3   9.8  19.5       LEIXOES                      
  3  0 29  1 2014  6.91  9.6  14.3  314    18    6.67 11.44 12.4  12.5  10.2  18.8       LEIXOES                      
  3 30 29  1 2014  6.36  9.3  14.3  314    19    6.22 10.60 12.7  13.3   9.7  18.8       LEIXOES                      
  4 30 29  1 2014  6.06  8.5  13.3  308    23    5.48  7.38 10.6  10.2   8.9  16.4       LEIXOES                      
  5  0 29  1 2014  6.71  9.3  14.3  312    18    6.59 10.25 12.8  11.7   9.7  19.5       LEIXOES                      
  5 30 29  1 2014  5.32  8.3  12.5  313    26    5.10  9.39 10.8  14.1   8.4  15.6       LEIXOES                      
  6  0 29  1 2014  6.74  9.6  15.4  309    18    6.29 10.13 12.4  13.3   9.7  17.2       LEIXOES                      
  6 30 29  1 2014  6.26  9.4  14.3  311    20    5.61  9.17 12.2  12.5   9.2  18.0       LEIXOES                      
  7  0 29  1 2014  6.05  9.6  15.4  311    19    6.05 10.70 12.9  13.3  10.2  18.8       LEIXOES                      
  7 30 29  1 2014  5.67  9.2  14.3  313    22    5.61  8.17 12.3  13.3   9.7  18.0       LEIXOES                      
  8  0 29  1 2014  6.06  9.7  15.4  311    19    5.41  7.62 12.8  11.7   9.7  19.5       LEIXOES                      
  8 30 29  1 2014  5.71  8.9  12.5  307    19    5.32  8.40 11.7  12.5   9.1  18.8       LEIXOES                      
  9  0 29  1 2014  5.94  9.3  15.4  309    20    5.72 11.01 12.3  11.7   9.3  20.3       LEIXOES                      
  9 30 29  1 2014  5.64  9.3  15.4  306    21    5.61  9.70 12.8  11.7  10.0  18.0       LEIXOES                      
 10  0 29  1 2014  6.34  9.7  15.4  310    18    6.21 10.11 13.0  12.5  10.1  18.8       LEIXOES                      
 10 30 29  1 2014  6.25 10.1  14.3  312    17    5.85 10.32 12.9  11.7  10.2  18.0       LEIXOES                      
 11  0 29  1 2014  6.26 10.0  14.3  309    19    5.91  9.86 12.5  12.5  10.6  20.3       LEIXOES                      
 11 30 29  1 2014  5.52  9.6  15.4  305    18    5.14  8.26 13.1  14.8   9.8  18.0       LEIXOES                      
 12  0 29  1 2014  5.98 10.0  15.4  308    19    5.47  9.68 13.0  14.1  10.0  18.8       LEIXOES                      
 12 30 29  1 2014  6.00  9.8  15.4  309    18    5.80  7.89 12.9  10.9  10.5  17.2       LEIXOES                      
 13  0 29  1 2014  5.44  9.2  15.4  316    21    5.25  8.62 12.7  13.3   9.4  17.2       LEIXOES                      
 13 30 29  1 2014  6.19  9.9  15.4  311    20    5.75 10.70 12.9  12.5  10.1  18.8       LEIXOES                      
 14  0 29  1 2014  5.95  9.7  14.3  308    21    5.58  8.67 12.7  12.5   9.9  18.8       LEIXOES                      
 14 30 29  1 2014  6.52 10.0  15.4  310    18    5.99  9.38 13.3  12.5  10.6  17.2       LEIXOES                      
 15  0 29  1 2014  5.71  9.3  15.4  312    22    5.51  9.16 12.9  14.1   9.8  19.5       LEIXOES                      
 15 30 29  1 2014  5.90  9.2  14.3  309    21    5.67  8.83 12.4  11.7   9.3  17.2       LEIXOES                      
 16  0 29  1 2014  5.64  9.1  14.3  314    19    5.37  8.90 12.6  12.5   9.5  18.0       LEIXOES                      
 16 30 29  1 2014  5.66  9.1  15.4  316    20    5.45  9.49 12.5  12.5   9.3  18.8       LEIXOES                      
 17  0 29  1 2014  6.67  9.7  14.3  309    17    6.18 11.33 12.9  13.3  10.0  18.0       LEIXOES                      
 17 30 29  1 2014  5.50  8.8  14.3  308    21    5.60  9.78 12.2  12.5   9.5  18.0       LEIXOES                      
 18  0 29  1 2014  6.06  9.1  14.3  308    19    5.64 11.21 11.9  11.7   9.1  18.0       LEIXOES                      
 18 30 29  1 2014  5.70  8.9  14.3  309    22    5.15  7.84 12.0  12.5   8.8  15.6       LEIXOES                      
 19  0 29  1 2014  5.92  9.1  15.4  311    18    5.87  9.00 12.8  12.5   9.5  17.2       LEIXOES                      
 19 30 29  1 2014  5.68  8.7  13.3  311    23    5.22  8.07 11.2  11.7   8.6  17.2       LEIXOES                      
 20  0 29  1 2014  6.11  9.3  12.5  312    19    5.77 10.62 12.4  12.5   9.6  16.4       LEIXOES                      
 20 30 29  1 2014  5.28  8.6  13.3  314    21    5.11  8.43 12.1  12.5   8.9  17.2       LEIXOES                      
 21  0 29  1 2014  6.15  9.7  14.3  311    16    5.70  9.03 12.4  11.7   9.3  18.0       LEIXOES                      
 21 30 29  1 2014  5.16  8.8  14.3  312    19    5.05  8.59 12.2  12.5   9.4  17.2       LEIXOES                      
 22  0 29  1 2014  5.37  8.9  14.3  310    20    4.95  8.56 11.7  12.5   9.0  16.4       LEIXOES                      
 22 30 29  1 2014  5.37  9.3  14.3  312    22    5.17  7.06 12.2  11.7   9.7  16.4       LEIXOES                      
 23  0 29  1 2014  5.37  9.0  14.3  307    15    5.11  7.95 12.0  10.2   9.5  16.4       LEIXOES                      
 23 30 29  1 2014  4.77  8.6  14.3  312    21    4.35  7.98 11.4  11.7   8.3  16.4       LEIXOES                      
  0  0 30  1 2014  5.35  9.1  13.3  315    18    5.45  8.22 12.5  10.9  10.2  18.0       LEIXOES                      
  0 30 30  1 2014  5.20  9.1  14.3  311    17    5.01  8.45 12.1  11.7   9.6  15.6       LEIXOES                      
  1  0 30  1 2014  5.27  9.3  14.3  311    20    5.16  8.24 12.4  10.9  10.1  16.4       LEIXOES                      
  1 30 30  1 2014  4.72  8.9  14.3  314    21    4.48  7.07 11.6  13.3   9.4  17.2       LEIXOES                      
  2  0 30  1 2014  4.67  8.9  14.3  315    18    4.54  6.87 12.1  12.5   9.2  15.6       LEIXOES                      
  2 30 30  1 2014  4.66  8.8  14.3  310    19    4.30  6.82 11.8  14.1   9.1  17.2       LEIXOES                      
  3  0 30  1 2014  5.09  9.2  14.3  309    17    4.80  8.66 11.8  11.7   9.7  16.4       LEIXOES                      
  3 30 30  1 2014  4.48  8.6  13.3  314    20    4.38  7.78 11.8  14.1   8.5  17.2       LEIXOES                      
  4  0 30  1 2014  4.83  8.9  14.3  307    18    4.38  7.94 12.0  10.9   8.8  16.4       LEIXOES                      
  4 30 30  1 2014  4.42  8.5  14.3  308    19    4.23  6.45 11.7  11.7   8.7  15.6       LEIXOES                      
  5  0 30  1 2014  4.95  9.0  13.3  312    18    4.66  9.25 12.0  11.7   9.7  18.8       LEIXOES                      
  5 30 30  1 2014  4.18  8.2  14.3  313    19    4.11  6.21 11.6  12.5   8.7  16.4       LEIXOES                      
  6  0 30  1 2014  4.03  8.0  13.3  313    22    3.73  5.97 11.2  10.9   8.4  18.0       LEIXOES                      
  9  0 30  1 2014  4.21  8.4  12.5  317    19    4.02  6.51 11.5  11.7   9.0  15.6       LEIXOES                      
 12  0 30  1 2014  4.01  8.4  12.5  319    21    3.78  6.96 11.1  12.5   8.7  15.6       LEIXOES                      
 15  0 30  1 2014  3.67  7.8  12.5  310    22    3.83  6.30 11.0  12.5   8.4  17.2       LEIXOES                      
 18  0 30  1 2014  3.31  7.4  12.5  313    20    3.09  5.16 10.5  10.9   7.7  15.6       LEIXOES                      
 21  0 30  1 2014  3.22  6.9  11.8  309    21    3.11  5.33  9.6  10.2   7.8  14.8       LEIXOES                      
  0  0 31  1 2014  2.90  6.5  11.8  315    27    2.74  4.37  9.1   8.6   7.0  14.1       LEIXOES                      
  3  0 31  1 2014  2.72  7.3  12.5  321    26    2.49  4.65  9.5  10.2   7.3  14.1       LEIXOES                      
  6  0 31  1 2014  2.56  7.2  11.8  310    25    2.41  4.13  9.5  10.2   7.6  14.1       LEIXOES                      
  9  0 31  1 2014  2.53  7.2  10.0  317    26    2.38  4.39  9.2  10.2   7.5  14.8       LEIXOES                      
 12  0 31  1 2014  2.63  7.4  10.0  325    25    2.51  4.01  9.4   7.8   7.8  13.3       LEIXOES                      
 15  0 31  1 2014  2.39  6.8  10.5  331    32    2.23  3.38  9.0   8.6   7.1  14.8       LEIXOES                      
 18  0 31  1 2014  2.37  6.9  11.1  329    30    2.21  4.63  9.3   9.4   7.3  13.3       LEIXOES                      
 21  0 31  1 2014  2.22  6.2  10.5  322    27    2.09  3.56  9.2  10.9   7.0  14.1       LEIXOES                      
