  0  0  1  2 2014  2.77  6.1  12.5  320    35    2.54  4.73  8.2   9.4   6.2  14.1       LEIXOES                      
  3  0  1  2 2014  2.97  6.0   8.0  298    33    2.88  5.69  8.3  10.2   6.4  14.1       LEIXOES                      
  6  0  1  2 2014  3.70  6.7  10.5  308    24    3.50  5.60  8.8   7.8   7.0  12.5       LEIXOES                      
  8  0  1  2 2014  4.31  7.5  10.5  314    21    4.10  7.61  9.6   9.4   7.8  13.3       LEIXOES                      
  8 30  1  2 2014  4.32  7.6  11.8  315    20    3.98  6.59 10.3  10.9   8.1  14.1       LEIXOES                      
  9  0  1  2 2014  4.39  7.6  11.8  313    22    4.06  6.26  9.9  10.9   7.7  14.8       LEIXOES                      
  9 30  1  2 2014  4.55  7.7  11.1  317    23    4.33  7.00  9.9  10.2   7.9  14.1       LEIXOES                      
 10  0  1  2 2014  4.71  8.1  11.8  309    23    4.41  7.84 10.6  10.9   8.5  15.6       LEIXOES                      
 10 30  1  2 2014  4.92  8.3  12.5  315    21    5.12  7.47 11.5  10.2   8.9  17.2       LEIXOES                      
 11  0  1  2 2014  5.34  8.6  12.5  311    19    5.10  8.03 11.5  12.5   9.3  15.6       LEIXOES                      
 11 30  1  2 2014  5.74  8.8  12.5  314    19    5.31  8.61 11.5  10.9   9.2  15.6       LEIXOES                      
 12  0  1  2 2014  5.99  9.3  13.3  311    19    5.69  9.83 11.6  11.7   9.6  16.4       LEIXOES                      
 12 30  1  2 2014  6.38  9.8  13.3  315    19    6.02  9.42 12.2  12.5   9.9  18.0       LEIXOES                      
 13  0  1  2 2014  6.00  9.4  14.3  312    18    6.00 10.15 12.5  12.5   9.9  20.3       LEIXOES                      
 13 30  1  2 2014  6.68  9.9  13.3  313    17    6.29 10.91 12.5  11.7  10.2  18.8       LEIXOES                      
 14  0  1  2 2014  7.14 10.2  15.4  312    18    6.93 11.00 13.3  13.3  10.7  18.8       LEIXOES                      
 14 30  1  2 2014  7.39 10.4  15.4  314    15    6.98 10.96 13.8  14.8  11.0  18.8       LEIXOES                      
 15  0  1  2 2014  7.48 10.3  15.4  311    17    6.78 12.41 13.0  11.7  10.1  18.0       LEIXOES                      
 15 30  1  2 2014  7.28 10.8  16.7  309    15    6.77 12.42 13.7  14.1  10.9  18.8       LEIXOES                      
 16  0  1  2 2014  7.19 10.4  13.3  305    22    6.64  9.78 13.3  11.7  10.7  18.8       LEIXOES                      
 16 30  1  2 2014  7.51 10.8  15.4  311    19    7.02 12.12 13.7  14.8  10.5  19.5       LEIXOES                      
 17  0  1  2 2014  7.06 10.7  16.7  308    19    6.29  9.61 13.8  15.6  10.7  18.8       LEIXOES                      
 17 30  1  2 2014  6.62 10.4  15.4  304    20    6.08 12.23 13.5  11.7   9.8  20.3       LEIXOES                      
 18  0  1  2 2014  7.20 11.0  16.7  305    17    6.84 10.02 14.5  14.8  11.1  19.5       LEIXOES                      
 18 30  1  2 2014  7.28 11.1  16.7  305    16    6.81 10.80 14.3  14.8  11.2  19.5       LEIXOES                      
 19  0  1  2 2014  7.04 11.2  16.7  300    18    6.74 11.38 14.3  14.1  11.8  20.3       LEIXOES                      
 19 30  1  2 2014  6.48 10.6  15.4  302    17    6.37 11.57 14.2  14.1  11.4  19.5       LEIXOES                      
 20  0  1  2 2014  6.45 10.8  16.7  302    20    6.33 11.27 14.2  14.1  11.0  20.3       LEIXOES                      
 20 30  1  2 2014  7.41 11.3  16.7  299    18    7.00  9.84 14.9  14.8  11.7  19.5       LEIXOES                      
 21  0  1  2 2014  7.16 11.1  16.7  303    17    6.78 10.77 14.7  14.8  11.6  21.9       LEIXOES                      
 21 30  1  2 2014  6.88 11.3  16.7  309    20    6.87 11.59 14.5  16.4  11.6  20.3       LEIXOES                      
 22  0  1  2 2014  7.55 11.8  15.4  301    18    7.45 12.58 15.3  16.4  12.0  22.7       LEIXOES                      
 22 30  1  2 2014  7.05 11.7  16.7  300    18    6.40 10.11 15.2  15.6  11.3  21.1       LEIXOES                      
 23  0  1  2 2014  8.03 12.2  16.7  308    17    7.56 11.59 15.9  12.5  12.6  23.4       LEIXOES                      
 23 30  1  2 2014  7.85 12.0  18.2  309    18    7.72 11.68 15.5  16.4  13.1  22.7       LEIXOES                      
  0  0  2  2 2014  8.99 12.8  18.2  312    14    8.49 14.52 16.3  17.2  13.2  21.9       LEIXOES                      
  0 30  2  2 2014  9.12 13.0  18.2  308    17    8.40 11.71 16.4  14.1  13.1  22.7       LEIXOES                      
  1  0  2  2 2014  8.41 12.7  18.2  312    19    7.74 10.37 16.6  16.4  12.8  23.4       LEIXOES                      
  1 30  2  2 2014  8.48 12.6  18.2  312    18    7.97 12.40 16.5  18.0  13.7  22.7       LEIXOES                      
  2  0  2  2 2014  8.76 13.0  18.2  311    17    8.59 13.32 16.2  18.0  13.3  28.1       LEIXOES                      
  2 30  2  2 2014  8.01 12.2  16.7  304    17    7.66 12.02 15.8  15.6  12.2  22.7       LEIXOES                      
  3  0  2  2 2014  8.28 12.5  18.2  310    18    7.98 11.82 17.0  15.6  13.3  23.4       LEIXOES                      
  3 30  2  2 2014  8.54 13.2  18.2  308    17    8.04 11.60 17.3  13.3  13.7  22.7       LEIXOES                      
  4  0  2  2 2014  8.11 12.3  18.2  307    19    7.40 10.85 15.4  16.4  12.2  21.9       LEIXOES                      
  4 30  2  2 2014  7.90 12.9  18.2  309    18    7.38 10.28 16.5  19.5  13.0  22.7       LEIXOES                      
  5  0  2  2 2014  7.92 12.7  18.2  310    18    7.24 11.54 16.5  15.6  13.6  22.7       LEIXOES                      
  5 30  2  2 2014  6.83 11.7  16.7  303    18    6.53 10.83 16.0  17.2  12.4  23.4       LEIXOES                      
  6  0  2  2 2014  7.48 12.2  18.2  307    17    6.99 10.02 16.0  14.1  12.3  22.7       LEIXOES                      
  6 30  2  2 2014  6.71 11.9  18.2  309    20    6.47  9.42 16.1  15.6  12.6  23.4       LEIXOES                      
  7  0  2  2 2014  6.43 11.3  18.2  311    19    6.70  9.94 15.7  16.4  12.3  21.9       LEIXOES                      
  7 30  2  2 2014  7.52 12.2  18.2  309    16    7.23 15.34 16.9  17.2  12.5  22.7       LEIXOES                      
  8  0  2  2 2014  6.78 11.9  18.2  310    18    6.37 12.64 15.7  16.4  11.5  23.4       LEIXOES                      
  8 30  2  2 2014  7.02 12.2  18.2  311    17    6.51 10.30 15.9  14.8  12.6  24.2       LEIXOES                      
  9  0  2  2 2014  7.47 12.4  18.2  310    19    7.02 11.01 16.4  18.8  12.6  21.1       LEIXOES                      
  9 30  2  2 2014  6.80 11.9  18.2  310    18    6.43 10.06 15.9  16.4  11.8  21.1       LEIXOES                      
 10  0  2  2 2014  7.33 12.4  18.2  315    16    6.98 12.17 16.7  14.8  13.5  21.1       LEIXOES                      
 10 30  2  2 2014  6.21 11.7  18.2  314    18    5.82  9.94 16.0  19.5  11.5  22.7       LEIXOES                      
 11  0  2  2 2014  7.08 12.0  18.2  317    16    6.81 10.49 16.7  18.8  12.0  22.7       LEIXOES                      
 11 30  2  2 2014  6.76 12.0  18.2  312    18    6.67 10.34 16.2  14.1  12.8  21.9       LEIXOES                      
 12  0  2  2 2014  6.37 11.0  18.2  309    19    6.09  9.58 15.7  14.1  11.8  22.7       LEIXOES                      
 12 30  2  2 2014  6.57 11.6  18.2  313    16    6.11  9.96 16.5  17.2  11.7  21.1       LEIXOES                      
 13  0  2  2 2014  6.42 11.2  18.2  311    18    6.11  9.12 15.6  14.8  11.3  21.9       LEIXOES                      
 13 30  2  2 2014  6.86 11.7  18.2  312    18    6.50 11.25 16.0  14.8  11.8  21.1       LEIXOES                      
 14  0  2  2 2014  6.27 11.1  16.7  313    16    6.22  8.55 14.8  14.8  12.3  21.9       LEIXOES                      
 14 30  2  2 2014  6.26 11.3  16.7  319    17    6.29 10.52 15.7  16.4  12.4  21.1       LEIXOES                      
 15  0  2  2 2014  6.32 11.1  16.7  315    19    6.02 10.08 15.0  13.3  10.6  21.9       LEIXOES                      
 15 30  2  2 2014  6.06 10.9  18.2  313    16    6.30  9.18 15.7  14.8  12.0  21.9       LEIXOES                      
 16  0  2  2 2014  6.45 11.2  16.7  314    18    6.04  9.42 15.5  15.6  12.1  21.1       LEIXOES                      
 16 30  2  2 2014  6.11 10.9  18.2  315    15    5.89  9.64 15.0  13.3  11.0  21.1       LEIXOES                      
 17  0  2  2 2014  5.80 10.3  16.7  317    20    5.56  8.26 14.5  14.8  10.3  18.8       LEIXOES                      
 17 30  2  2 2014  6.18 10.4  16.7  316    19    5.45  7.88 14.5  14.1  10.6  21.9       LEIXOES                      
 18  0  2  2 2014  6.03 10.3  16.7  310    17    5.93  9.17 14.7  16.4  10.6  19.5       LEIXOES                      
 18 30  2  2 2014  5.61  9.8  16.7  315    19    5.26  9.02 14.2  12.5  10.8  21.1       LEIXOES                      
 19  0  2  2 2014  5.69  9.9  16.7  317    17    5.35  7.94 14.7  14.1  10.9  19.5       LEIXOES                      
 19 30  2  2 2014  5.21  9.1  16.7  318    20    5.05  7.81 13.9  11.7  10.3  19.5       LEIXOES                      
 20  0  2  2 2014  5.50  9.3  16.7  309    22    5.02  8.43 14.0  14.8   9.6  18.8       LEIXOES                      
 20 30  2  2 2014  5.39  9.0  16.7  315    22    4.90  7.78 14.0  13.3   9.4  19.5       LEIXOES                      
 21  0  2  2 2014  5.61  9.0  16.7  313    21    5.17  7.63 13.4  13.3   9.3  18.8       LEIXOES                      
 21 30  2  2 2014  4.47  7.9  16.7  314    21    4.17  6.20 11.9  13.3   8.1  19.5       LEIXOES                      
 22  0  2  2 2014  5.08  8.5  16.7  311    21    4.60  8.34 12.2  13.3   8.3  18.0       LEIXOES                      
 22 30  2  2 2014  4.59  7.9  16.7  310    18    4.40  6.58 12.9  15.6   8.4  19.5       LEIXOES                      
 23  0  2  2 2014  4.41  7.6  16.7  313    21    3.85  7.45 10.4  13.3   7.3  18.0       LEIXOES                      
 23 30  2  2 2014  4.45  7.5  16.7  316    20    4.22  7.49 11.4  13.3   8.2  19.5       LEIXOES                      
  0  0  3  2 2014  4.66  7.3  15.4  314    22    4.05  6.83  9.6  13.3   7.3  18.0       LEIXOES                      
  0 30  3  2 2014  4.67  7.4  16.7  318    25    4.40  7.34 10.6  14.1   7.9  18.0       LEIXOES                      
  1  0  3  2 2014  4.64  7.2  16.7  318    22    4.13  6.88  9.7  13.3   7.5  17.2       LEIXOES                      
  1 30  3  2 2014  4.86  7.4  15.4  309    24    4.59  7.26 10.8  14.8   7.9  18.0       LEIXOES                      
  2  0  3  2 2014  4.70  7.3  15.4  312    23    4.37  7.03  9.9   7.8   7.7  16.4       LEIXOES                      
  3 30  3  2 2014  4.79  7.3  15.4  314    27    4.82  7.56  9.4   8.6   7.9  16.4       LEIXOES                      
  4  0  3  2 2014  5.00  7.3   8.0  214    38    4.74  7.67  9.9   7.8   7.6  15.6       LEIXOES                      
  5  0  3  2 2014  4.72  7.5  14.3  307    23    4.38  8.60  9.9  12.5   7.6  15.6       LEIXOES                      
  5 30  3  2 2014  4.59  7.4  14.3  314    24    4.39  7.57 10.3  10.9   7.8  17.2       LEIXOES                      
  6 30  3  2 2014  4.73  7.5  10.0  240    34    4.37  7.23 10.2   9.4   8.1  15.6       LEIXOES                      
  7  0  3  2 2014  5.19  7.9  10.0  259    23    4.75  7.67 10.3  10.2   8.2  14.8       LEIXOES                      
  7 30  3  2 2014  5.27  7.9  10.5  275    33    4.77  7.86 10.2   9.4   8.0  15.6       LEIXOES                      
  8  0  3  2 2014  5.23  8.2  12.5  289    25    4.81  9.05 10.2  10.2   8.2  15.6       LEIXOES                      
  8 30  3  2 2014  5.17  7.7  10.0  255    33    4.99  8.73  9.8   9.4   7.7  15.6       LEIXOES                      
  9  0  3  2 2014  5.86  8.2  10.5  265    27    5.33  7.85 10.1  10.2   8.2  14.8       LEIXOES                      
  9 30  3  2 2014  5.09  7.9  11.8  285    24    4.79  9.56 10.1  10.9   8.3  15.6       LEIXOES                      
 10  0  3  2 2014  5.21  8.1  11.1  274    24    4.88  7.67 10.2   9.4   8.3  14.1       LEIXOES                      
 10 30  3  2 2014  5.39  8.1  12.5  291    21    5.14  8.31 11.0  10.9   8.7  14.8       LEIXOES                      
 11  0  3  2 2014  5.48  8.3  12.5  286    22    5.23  8.03 10.7  10.2   8.6  18.0       LEIXOES                      
 11 30  3  2 2014  5.46  8.1  12.5  291    25    5.07  7.51 10.4  10.2   8.1  14.1       LEIXOES                      
 12  0  3  2 2014  5.49  8.7  11.8  283    22    5.03 10.34 10.8  10.9   8.7  15.6       LEIXOES                      
 12 30  3  2 2014  4.97  8.2  11.1  271    28    4.73  8.11 10.3  10.2   8.7  15.6       LEIXOES                      
 13  0  3  2 2014  4.74  8.3  13.3  300    21    4.58  7.68 10.7  10.9   8.6  16.4       LEIXOES                      
 13 30  3  2 2014  5.43  8.6  11.8  281    21    5.32  8.85 11.1  10.2   9.0  16.4       LEIXOES                      
 14  0  3  2 2014  5.00  8.4  12.5  295    25    4.91  8.85 10.9  10.9   8.6  17.2       LEIXOES                      
 14 30  3  2 2014  4.62  7.9  11.1  274    29    4.41  7.96 10.3   9.4   8.1  14.1       LEIXOES                      
 15  0  3  2 2014  4.85  8.5  12.5  285    22    4.49  7.50 11.3  13.3   9.0  18.8       LEIXOES                      
 15 30  3  2 2014  4.62  8.4  11.8  288    25    4.47  7.14 11.1  12.5   8.5  14.1       LEIXOES                      
 16  0  3  2 2014  4.95  8.6  12.5  295    18    4.72  8.00 11.2  11.7   8.8  16.4       LEIXOES                      
 16 30  3  2 2014  4.29  8.2  13.3  292    28    3.97  6.04 10.9  10.9   8.4  15.6       LEIXOES                      
 17  0  3  2 2014  4.50  8.3  13.3  297    26    4.37  7.11 10.8  10.9   8.8  15.6       LEIXOES                      
 17 30  3  2 2014  5.00  8.6  11.1  292    22    4.80  7.71 10.9  10.9   9.3  15.6       LEIXOES                      
 18 30  3  2 2014  5.03  8.8  12.5  290    22    4.76  7.26 11.2  11.7   8.9  14.8       LEIXOES                      
 19  0  3  2 2014  4.62  8.5  12.5  293    25    4.55  9.40 11.0  11.7   8.5  15.6       LEIXOES                      
 19 30  3  2 2014  4.68  8.4  11.8  297    27    4.55  7.17 11.3  11.7   8.8  15.6       LEIXOES                      
 20  0  3  2 2014  4.90  8.7  11.8  289    22    4.86  7.77 11.4   9.4   8.9  15.6       LEIXOES                      
 21  0  3  2 2014  4.83  8.6  12.5  295    20    4.58  7.36 11.5  12.5   8.9  15.6       LEIXOES                      
 21 30  3  2 2014  5.63  9.5  13.3  300    19    5.20  8.57 12.0  11.7   9.5  15.6       LEIXOES                      
 22  0  3  2 2014  4.68  8.6  12.5  291    24    4.51  6.77 11.2  10.9   8.9  15.6       LEIXOES                      
 23 30  3  2 2014  4.73  8.8  12.5  300    23    4.60  7.21 11.1  11.7   9.6  17.2       LEIXOES                      
  0  0  4  2 2014  4.35  8.7  12.5  297    21    4.42  7.51 11.1  12.5   8.9  15.6       LEIXOES                      
  0 30  4  2 2014  4.32  8.1  11.8  296    21    4.36  6.88 11.4  11.7   8.4  14.8       LEIXOES                      
  1 30  4  2 2014  3.86  7.6  11.8  287    23    3.92  7.89 10.7  13.3   8.3  15.6       LEIXOES                      
  2  0  4  2 2014  4.57  8.5  12.5  295    23    4.24  7.55 11.3   9.4   8.9  16.4       LEIXOES                      
  2 30  4  2 2014  4.35  8.5  13.3  300    17    4.14  6.45 11.2  11.7   8.9  15.6       LEIXOES                      
  3  0  4  2 2014  4.54  8.8  13.3  296    26    4.19  7.42 11.4  11.7   9.3  15.6       LEIXOES                      
  3 30  4  2 2014  4.11  8.5  12.5  294    22    4.03  5.80 11.1  14.1   8.7  16.4       LEIXOES                      
  4  0  4  2 2014  4.34  8.3  12.5  294    30    4.36  6.26 11.4  10.2   8.9  16.4       LEIXOES                      
  4 30  4  2 2014  3.95  7.9  13.3  299    21    3.86  6.98 10.8  10.2   8.4  14.8       LEIXOES                      
  5  0  4  2 2014  4.28  8.4  13.3  296    21    4.00  6.60 11.1  12.5   8.6  15.6       LEIXOES                      
  5 30  4  2 2014  4.26  8.6  13.3  300    19    4.26  6.89 12.0  13.3   9.1  18.0       LEIXOES                      
  6  0  4  2 2014  4.25  8.4  13.3  294    23    4.04  6.25 11.6  11.7   9.0  15.6       LEIXOES                      
  6 30  4  2 2014  4.51  8.6  12.5  302    21    4.26  6.74 11.9  12.5   9.3  15.6       LEIXOES                      
  7  0  4  2 2014  4.33  8.4  12.5  303    23    4.23  6.35 12.3  14.1   9.5  17.2       LEIXOES                      
  7 30  4  2 2014  4.75  8.7  13.3  304    19    4.34  7.71 12.0  12.5   8.5  17.2       LEIXOES                      
  8  0  4  2 2014  5.06  9.0  13.3  302    18    4.71  7.64 12.8  14.1   9.7  18.0       LEIXOES                      
  8 30  4  2 2014  4.79  8.6  13.3  297    19    4.59  7.37 12.7  14.1   9.1  18.8       LEIXOES                      
  9  0  4  2 2014  5.16  8.8  14.3  303    20    4.88  7.29 13.3  13.3   9.3  18.8       LEIXOES                      
  9 30  4  2 2014  5.01  8.7  15.4  307    21    4.54  8.28 12.7  14.1   8.7  17.2       LEIXOES                      
 10  0  4  2 2014  5.18  8.7  15.4  307    20    5.09  7.31 13.7  10.9   9.9  18.8       LEIXOES                      
 10 30  4  2 2014  5.07  8.1  14.3  296    22    4.87  7.64 12.4  13.3   8.7  18.0       LEIXOES                      
 11  0  4  2 2014  5.57  8.8  15.4  309    21    4.99  7.82 13.4  14.8   9.4  18.8       LEIXOES                      
 11 30  4  2 2014  4.90  7.8  14.3  298    25    4.67  8.28 11.6  14.1   8.3  19.5       LEIXOES                      
 12  0  4  2 2014  5.23  7.9  15.4  306    20    4.71  7.48 10.9  13.3   7.9  16.4       LEIXOES                      
 12 30  4  2 2014  5.16  7.4  14.3  300    28    4.77  7.29 10.6  14.1   7.6  17.2       LEIXOES                      
 13  0  4  2 2014  4.82  7.5  15.4  301    22    4.51  7.03 10.4  13.3   7.7  17.2       LEIXOES                      
 13 30  4  2 2014  5.02  7.3  13.3  295    24    4.71  7.49 10.0  10.2   7.7  16.4       LEIXOES                      
 14  0  4  2 2014  5.55  7.7  15.4  303    24    5.23  8.17  9.8   8.6   8.1  15.6       LEIXOES                      
 14 30  4  2 2014  5.45  7.5  15.4  309    27    5.11  8.73  9.4   9.4   7.7  17.2       LEIXOES                      
 15  0  4  2 2014  6.33  8.0  13.3  295    20    5.70  9.32 10.4   9.4   8.0  17.2       LEIXOES                      
 15 30  4  2 2014  5.99  7.7  14.3  304    28    5.55  8.53  9.7  12.5   8.0  15.6       LEIXOES                      
 16  0  4  2 2014  6.53  8.1  14.3  301    25    6.16  9.63 10.2  10.9   8.3  16.4       LEIXOES                      
 16 30  4  2 2014  6.70  8.1   9.1  236    31    6.18 12.00 10.0  10.9   8.1  14.8       LEIXOES                      
 17  0  4  2 2014  6.39  7.8   9.1  231    33    5.99 11.21  9.7  10.9   8.0  14.8       LEIXOES                      
 17 30  4  2 2014  6.21  7.9  10.0  249    33    5.88  8.83  9.7   9.4   7.8  17.2       LEIXOES                      
 18  0  4  2 2014  6.54  8.3  10.5  254    28    6.25 10.55 10.1  11.7   8.2  16.4       LEIXOES                      
 18 30  4  2 2014  6.22  8.1  10.0  254    30    6.17 11.26 10.4  11.7   8.5  16.4       LEIXOES                      
 19  0  4  2 2014  6.99  8.6  10.5  256    24    6.62 13.87 10.7  11.7   8.8  15.6       LEIXOES                      
 19 30  4  2 2014  6.05  8.6  13.3  296    23    5.65  8.96 11.1  11.7   8.7  17.2       LEIXOES                      
 20  0  4  2 2014  6.30  8.9  10.5  261    34    5.79 10.05 11.0  10.9   8.8  16.4       LEIXOES                      
 20 30  4  2 2014  5.83  8.2  10.5  257    29    5.54 10.11 10.6  10.2   8.3  15.6       LEIXOES                      
 21  0  4  2 2014  6.49  9.2  13.3  294    22    5.78  8.77 11.1  10.2   8.8  17.2       LEIXOES                      
 21 30  4  2 2014  5.42  8.4  14.3  291    21    5.14  8.76 10.9  10.2   8.4  15.6       LEIXOES                      
 22  0  4  2 2014  5.57  8.4  14.3  305    23    5.45  8.29 10.8  10.2   9.1  15.6       LEIXOES                      
 22 30  4  2 2014  5.39  8.4  14.3  296    25    5.18  8.36 11.0  11.7   8.8  19.5       LEIXOES                      
 23  0  4  2 2014  4.96  8.1  14.3  300    25    4.63  7.33 10.7   9.4   8.3  15.6       LEIXOES                      
 23 30  4  2 2014  5.80  8.9  13.3  284    24    5.34  9.01 11.6  13.3   9.1  16.4       LEIXOES                      
  0  0  5  2 2014  5.77  8.8  14.3  296    19    5.25  8.15 11.5  12.5   8.8  16.4       LEIXOES                      
  0 30  5  2 2014  5.73  8.8  10.0  248    36    5.39  8.06 11.1  10.2   8.8  16.4       LEIXOES                      
  1  0  5  2 2014  6.06  9.1  15.4  299    19    5.55  9.05 12.0  11.7   9.3  17.2       LEIXOES                      
  1 30  5  2 2014  5.66  9.0  15.4  306    20    5.43  9.65 12.4  10.9   9.6  18.8       LEIXOES                      
  2  0  5  2 2014  6.80  9.8  16.7  303    17    6.53  9.42 14.2  11.7  11.0  18.0       LEIXOES                      
  2 30  5  2 2014  6.81  9.8  15.4  296    18    6.28 11.29 12.4  12.5   9.8  21.9       LEIXOES                      
  3  0  5  2 2014  6.65  9.7  15.4  295    19    6.51 10.93 13.1  14.1  10.0  18.8       LEIXOES                      
  3 30  5  2 2014  6.92  9.6  16.7  299    19    6.77  9.88 13.4  14.1  10.8  21.1       LEIXOES                      
  4  0  5  2 2014  7.28 10.1  16.7  297    18    6.97 11.41 13.7  16.4  10.6  21.1       LEIXOES                      
  4 30  5  2 2014  7.65 10.3  15.4  302    18    7.39 11.50 14.3  13.3  10.7  21.1       LEIXOES                      
  5  0  5  2 2014  6.68  9.6  18.2  299    18    6.68  9.82 13.5  13.3  10.2  18.8       LEIXOES                      
  5 30  5  2 2014  7.54 10.5  18.2  298    18    7.16 11.24 14.5  15.6  11.3  21.1       LEIXOES                      
  6  0  5  2 2014  7.37 10.3  16.7  302    16    7.25 12.14 14.8  18.0  11.2  21.1       LEIXOES                      
  6 30  5  2 2014  7.99 10.8  18.2  300    16    7.51 14.90 15.0  13.3  11.3  21.9       LEIXOES                      
  7  0  5  2 2014  8.73 11.2  16.7  299    17    8.03 12.29 14.7  16.4  11.1  19.5       LEIXOES                      
  7 30  5  2 2014  7.86 10.7  15.4  298    18    7.82 12.71 14.8  13.3  11.6  21.1       LEIXOES                      
  8  0  5  2 2014  7.48 10.5  15.4  301    18    7.11 10.78 13.6  15.6  10.8  19.5       LEIXOES                      
  8 30  5  2 2014  8.84 11.0  16.7  298    16    8.40 13.72 14.6  12.5  11.3  21.1       LEIXOES                      
  9  0  5  2 2014  8.05 10.4  16.7  298    19    7.42 12.58 13.2  14.8  10.1  18.8       LEIXOES                      
  9 30  5  2 2014  7.89 10.6  15.4  296    17    7.73 10.91 14.0  13.3  11.3  19.5       LEIXOES                      
 10  0  5  2 2014  7.01 10.1  16.7  299    21    6.95 13.16 13.2  11.7  10.4  20.3       LEIXOES                      
 10 30  5  2 2014  7.65 10.3  16.7  300    19    7.13 10.85 13.3  13.3  10.5  19.5       LEIXOES                      
 11  0  5  2 2014  7.19  9.8  16.7  300    19    6.99 10.45 13.0  14.1  10.1  19.5       LEIXOES                      
 11 30  5  2 2014  7.75 10.6  16.7  298    18    7.67 11.67 13.6  14.1  11.1  20.3       LEIXOES                      
 12  0  5  2 2014  7.30 10.0  16.7  299    20    6.80 12.53 13.3  11.7  10.5  20.3       LEIXOES                      
 12 30  5  2 2014  6.64 10.0  16.7  302    18    6.63 11.09 14.0  13.3  10.9  19.5       LEIXOES                      
 13  0  5  2 2014  7.25 10.3  16.7  299    18    6.62 11.40 13.2  14.1  10.2  18.0       LEIXOES                      
 13 30  5  2 2014  7.18 10.5  16.7  301    20    7.11 10.22 14.0  14.8  11.2  19.5       LEIXOES                      
 14  0  5  2 2014  6.89 10.5  16.7  308    20    6.58 10.84 13.8  11.7  10.6  19.5       LEIXOES                      
 14 30  5  2 2014  7.12 10.5  16.7  304    20    6.85 10.36 13.8  12.5  11.1  21.1       LEIXOES                      
 15  0  5  2 2014  7.59 11.0  16.7  305    16    7.01 10.47 14.5  14.8  11.3  19.5       LEIXOES                      
 15 30  5  2 2014  7.00 10.7  16.7  305    19    6.92  9.69 14.3  13.3  11.3  21.1       LEIXOES                      
 16  0  5  2 2014  6.63 10.6  16.7  307    19    6.53 10.72 13.9  13.3  10.7  18.8       LEIXOES                      
 16 30  5  2 2014  7.96 11.5  16.7  305    16    7.36 10.98 14.5  13.3  11.7  18.8       LEIXOES                      
 17  0  5  2 2014  6.48 10.4  16.7  303    20    6.26  8.55 13.9  16.4  10.6  20.3       LEIXOES                      
 17 30  5  2 2014  6.50 10.4  16.7  307    17    6.52  9.47 14.3  11.7  11.1  18.8       LEIXOES                      
  8 30  6  2 2014  5.25  7.5  12.5  305    24    4.78  7.10 10.0   9.4   7.9  14.8       LEIXOES                      
  9  0  6  2 2014  5.50  7.5  13.3  302    25    4.91  7.39  9.1  10.2   7.3  14.1       LEIXOES                      
  9 30  6  2 2014  5.39  7.4  13.3  298    27    5.19  9.94  9.5   9.4   7.6  16.4       LEIXOES                      
 10  0  6  2 2014  5.40  7.5   9.1  215    29    5.00 10.41  9.0   9.4   7.7  16.4       LEIXOES                      
 10 30  6  2 2014  5.27  7.6  13.3  297    22    4.98  7.62  9.3  10.9   7.9  15.6       LEIXOES                      
 11  0  6  2 2014  5.12  7.4  13.3  296    32    4.71  7.98  9.6  10.2   7.7  15.6       LEIXOES                      
 11 30  6  2 2014  5.49  7.4   9.1  229    33    5.07  8.66  9.3  10.2   7.6  12.5       LEIXOES                      
 12  0  6  2 2014  5.55  7.5   9.1  230    30    5.23  7.67  9.5   8.6   7.7  14.8       LEIXOES                      
 12 30  6  2 2014  5.47  7.6   9.1  220    31    5.09  9.79  9.7  10.9   7.9  14.1       LEIXOES                      
 13  0  6  2 2014  5.92  7.8   9.1  226    32    5.87  9.37  9.8   9.4   7.9  15.6       LEIXOES                      
 13 30  6  2 2014  5.66  7.7  10.0  241    31    5.38  9.38  9.5  10.9   7.6  14.8       LEIXOES                      
 14  0  6  2 2014  6.12  8.0  10.0  242    29    5.70  9.22  9.9  10.2   8.3  14.1       LEIXOES                      
 14 30  6  2 2014  6.11  8.0  13.3  282    23    5.90 10.05 10.5   9.4   8.3  14.8       LEIXOES                      
 15  0  6  2 2014  5.99  7.9  11.8  275    24    5.65  9.54 10.0  11.7   8.6  14.1       LEIXOES                      
 15 30  6  2 2014  6.16  8.3  13.3  282    22    5.80  8.67 10.6   9.4   8.4  14.8       LEIXOES                      
 16  0  6  2 2014  6.71  8.6  11.8  273    22    6.45 10.50 10.5  10.9   9.1  16.4       LEIXOES                      
 16 30  6  2 2014  7.77  9.0  13.3  274    22    7.36 14.73 11.1  10.2   8.9  16.4       LEIXOES                      
 17  0  6  2 2014  7.24  9.1  12.5  276    22    6.77  9.99 11.7   9.4   9.4  16.4       LEIXOES                      
 17 30  6  2 2014  7.28  9.3  11.1  268    24    7.09 10.62 11.7  10.9   9.8  18.0       LEIXOES                      
 18  0  6  2 2014  7.55  9.4  13.3  279    22    7.25 11.41 12.0  10.9  10.0  18.0       LEIXOES                      
 19  0  6  2 2014  6.71  9.3  13.3  285    32    7.05  9.64 12.2  12.5  10.0  18.0       LEIXOES                      
 19 30  6  2 2014  8.25  9.9  14.3  275    20    7.98 12.11 12.8  12.5  10.8  21.1       LEIXOES                      
 20  0  6  2 2014  7.35  9.9  15.4  274    19    7.20 10.38 13.6  14.1  10.6  18.8       LEIXOES                      
 20 30  6  2 2014  6.85  9.3  15.4  276    20    6.59 11.13 12.1  12.5   9.7  18.8       LEIXOES                      
 21  0  6  2 2014  7.68 10.0  15.4  277    22    7.08 10.40 12.6  11.7  10.0  18.0       LEIXOES                      
 21 30  6  2 2014  7.88 10.2  14.3  276    17    7.82 12.25 13.5  14.1  10.6  17.2       LEIXOES                      
 22  0  6  2 2014  7.62  9.9  13.3  287    25    7.06 14.46 12.0  12.5   9.7  21.9       LEIXOES                      
 22 30  6  2 2014  6.38  9.1  13.3  276    25    6.22 12.31 12.4  12.5   9.4  18.8       LEIXOES                      
 23  0  6  2 2014  6.77  9.5  14.3  281    23    6.41 10.44 12.7  12.5   9.3  17.2       LEIXOES                      
 23 30  6  2 2014  6.18  9.4  15.4  286    22    6.06 10.24 13.7  12.5  10.3  18.8       LEIXOES                      
  0  0  7  2 2014  6.46  9.3  15.4  277    22    5.93  9.09 12.1  13.3   9.8  18.8       LEIXOES                      
  0 30  7  2 2014  6.27  9.4  14.3  283    24    6.01  9.26 12.2  12.5   9.6  17.2       LEIXOES                      
  1  0  7  2 2014  6.62  9.7  14.3  280    22    6.03 11.73 12.6  14.1   9.5  17.2       LEIXOES                      
  1 30  7  2 2014  5.44  9.1  14.3  277    25    5.42  9.03 12.6  12.5  10.0  17.2       LEIXOES                      
  2  0  7  2 2014  5.80  9.1  15.4  278    28    5.22  9.13 11.7  14.1   8.8  18.0       LEIXOES                      
  2 30  7  2 2014  5.89  9.1  14.3  292    24    5.94  8.73 11.8  12.5   9.4  17.2       LEIXOES                      
  3  0  7  2 2014  6.04  9.2  13.3  289    22    5.53  9.95 11.5  13.3   9.2  17.2       LEIXOES                      
  3 30  7  2 2014  5.28  8.6  14.3  281    26    5.35  8.57 11.6  12.5   9.4  17.2       LEIXOES                      
  4  0  7  2 2014  6.29  9.6  14.3  282    25    6.00  8.31 12.4  10.9   9.9  18.8       LEIXOES                      
  4 30  7  2 2014  5.98  9.3  14.3  292    24    5.92 10.54 12.6  12.5   9.8  17.2       LEIXOES                      
  5  0  7  2 2014  5.50  8.6  14.3  295    25    5.36  8.87 11.6  12.5   9.2  16.4       LEIXOES                      
  5 30  7  2 2014  5.94  9.1  13.3  289    25    5.65  9.80 12.1  10.9   9.8  18.0       LEIXOES                      
  6  0  7  2 2014  5.19  8.7  14.3  290    27    4.94  7.27 12.1  12.5   9.4  17.2       LEIXOES                      
  6 30  7  2 2014  5.36  8.9  13.3  294    28    5.06  7.52 11.9  11.7   9.0  15.6       LEIXOES                      
  7  0  7  2 2014  5.26  8.7  11.8  300    25    4.94  8.75 11.3  10.9   9.1  18.0       LEIXOES                      
  7 30  7  2 2014  5.36  8.8  13.3  292    26    4.99  8.65 11.9  10.9   8.9  15.6       LEIXOES                      
  8  0  7  2 2014  5.10  8.7  12.5  286    26    4.72  7.37 11.2  11.7   8.7  15.6       LEIXOES                      
  8 30  7  2 2014  4.88  8.7  13.3  295    29    4.67  7.75 11.3  12.5   9.0  14.8       LEIXOES                      
  9  0  7  2 2014  4.87  8.2  11.1  288    31    4.50  6.71 10.7  10.9   8.7  17.2       LEIXOES                      
  9 30  7  2 2014  4.64  8.5  12.5  294    29    4.34  6.64 11.1  12.5   8.7  16.4       LEIXOES                      
 10  0  7  2 2014  4.53  8.4  11.1  292    30    4.16  6.76 10.6  10.9   8.7  14.1       LEIXOES                      
 10 30  7  2 2014  4.52  8.2  12.5  286    30    4.21  6.68 10.7  11.7   8.7  17.2       LEIXOES                      
 11  0  7  2 2014  4.17  8.0  12.5  306    24    3.97  6.58 10.6   9.4   8.7  16.4       LEIXOES                      
 11 30  7  2 2014  4.22  7.9  13.3  284    30    3.87  6.43 10.5  11.7   7.8  16.4       LEIXOES                      
 12  0  7  2 2014  4.29  8.2  13.3  294    28    4.19  6.18 11.3  10.2   8.8  15.6       LEIXOES                      
 12 30  7  2 2014  4.27  7.9  13.3  291    29    3.97  7.63 10.3  10.9   7.8  14.8       LEIXOES                      
 13  0  7  2 2014  4.08  7.8  12.5  292    27    3.84  6.39 11.0   9.4   8.0  14.1       LEIXOES                      
 13 30  7  2 2014  4.30  8.0  12.5  298    27    4.01  7.22 11.1  11.7   8.7  15.6       LEIXOES                      
 14  0  7  2 2014  4.25  7.8  13.3  290    25    3.89  6.27 10.4   9.4   7.8  14.8       LEIXOES                      
 14 30  7  2 2014  4.29  7.7  11.8  295    23    4.00  6.91 10.5  10.9   8.0  14.8       LEIXOES                      
 15  0  7  2 2014  4.16  7.6  12.5  305    26    3.82  7.44 10.5  10.2   7.9  16.4       LEIXOES                      
 15 30  7  2 2014  3.90  7.4  12.5  301    25    3.76  6.05 10.0  10.9   7.8  15.6       LEIXOES                      
 16  0  7  2 2014  4.06  7.5  11.8  297    22    3.80  5.94 10.2   9.4   7.7  14.1       LEIXOES                      
 16 30  7  2 2014  3.85  7.3  12.5  306    27    3.73  6.41 10.5  11.7   8.1  14.8       LEIXOES                      
 17  0  7  2 2014  4.04  7.5  13.3  295    26    3.76  6.50 10.2  12.5   8.1  15.6       LEIXOES                      
 17 30  7  2 2014  4.06  7.4  12.5  300    26    3.92  7.60 10.1  10.2   7.9  14.8       LEIXOES                      
 18  0  7  2 2014  4.19  7.5  11.8  297    24    3.76  7.14  9.6  11.7   7.3  14.8       LEIXOES                      
 18 30  7  2 2014  4.24  7.0  12.5  301    27    3.94  6.50  9.3  10.2   7.5  17.2       LEIXOES                      
 19  0  7  2 2014  3.81  6.9  11.8  296    30    3.46  6.67  9.2   9.4   7.3  14.1       LEIXOES                      
 19 30  7  2 2014  3.83  6.8  12.5  296    28    3.59  5.72  9.1   7.0   7.4  15.6       LEIXOES                      
 20  0  7  2 2014  4.17  7.0  12.5  294    29    3.91  6.72  9.3   7.8   7.1  14.1       LEIXOES                      
 20 30  7  2 2014  4.24  6.9  11.1  289    28    3.82  6.17  9.2  10.2   7.4  14.1       LEIXOES                      
 21  0  7  2 2014  4.15  6.8  10.5  289    26    3.89  5.99  8.9  10.2   7.2  14.1       LEIXOES                      
 21 30  7  2 2014  4.01  6.7   8.0  242    37    3.92 11.79  8.7  10.2   7.0  14.8       LEIXOES                      
 22  0  7  2 2014  4.15  6.9  10.5  282    27    3.89  6.56  8.5   9.4   7.1  14.8       LEIXOES                      
 22 30  7  2 2014  4.20  6.9  11.1  292    28    3.86  7.30  8.8   8.6   7.0  14.1       LEIXOES                      
 23  0  7  2 2014  4.53  7.0  12.5  289    24    4.25  6.81  9.0   8.6   7.5  14.8       LEIXOES                      
 23 30  7  2 2014  3.95  6.6  10.5  276    28    3.82  5.85  8.5   7.0   6.6  14.1       LEIXOES                      
  0  0  8  2 2014  4.48  6.9   9.1  265    29    4.15  6.67  8.8   9.4   7.1  13.3       LEIXOES                      
  0 30  8  2 2014  4.47  6.9  11.1  277    25    4.18  6.77  8.8   7.0   7.2  14.8       LEIXOES                      
  1  0  8  2 2014  4.73  7.1   9.1  253    31    4.47  7.69  8.6   7.8   7.3  14.8       LEIXOES                      
  1 30  8  2 2014  4.65  7.1  10.0  273    22    4.29  6.27  9.2   7.0   7.5  14.1       LEIXOES                      
  2  0  8  2 2014  5.33  7.3   9.1  254    27    4.83  7.61  8.8   8.6   7.8  13.3       LEIXOES                      
  2 30  8  2 2014  5.14  7.3   9.1  250    29    4.85  8.67  8.9   8.6   7.7  14.1       LEIXOES                      
  3  0  8  2 2014  5.08  7.5  10.5  277    21    4.88  7.38  9.7  10.9   7.8  14.1       LEIXOES                      
  3 30  8  2 2014  5.34  7.8   9.1  257    27    5.12  9.64  9.9  10.2   8.3  14.8       LEIXOES                      
  4  0  8  2 2014  5.47  8.1  11.8  284    19    5.09  9.17 10.2  10.9   8.3  14.1       LEIXOES                      
  4 30  8  2 2014  4.94  7.7  11.8  280    23    4.83  8.05  9.6   9.4   8.0  14.8       LEIXOES                      
  5  0  8  2 2014  4.79  7.7  11.8  293    23    4.67  7.96 10.1  10.2   8.3  16.4       LEIXOES                      
  5 30  8  2 2014  5.10  7.8  11.8  283    19    4.79  7.30 10.3   9.4   8.1  15.6       LEIXOES                      
  6  0  8  2 2014  5.10  7.8  11.8  284    26    4.85  7.21  9.8   8.6   8.3  14.1       LEIXOES                      
  6 30  8  2 2014  5.68  8.2  11.1  279    21    5.32  8.43 10.4  10.2   8.6  14.8       LEIXOES                      
  7  0  8  2 2014  5.59  8.3  11.8  284    21    5.24  8.54 10.7   9.4   8.5  15.6       LEIXOES                      
  7 30  8  2 2014  5.08  8.0  11.8  292    27    4.80  8.92 10.2  10.2   8.2  14.8       LEIXOES                      
  8  0  8  2 2014  4.70  7.6  13.3  294    23    4.70  9.26  9.8  10.2   8.2  15.6       LEIXOES                      
  8 30  8  2 2014  5.45  8.3  12.5  295    19    5.58  8.07 10.8   9.4   8.9  14.8       LEIXOES                      
  9  0  8  2 2014  5.52  8.4  12.5  292    21    5.37  8.57 10.8  10.2   8.9  14.8       LEIXOES                      
  9 30  8  2 2014  5.54  8.4  12.5  292    21    5.32  7.83 10.8  10.2   8.5  15.6       LEIXOES                      
 10  0  8  2 2014  6.38  9.2  12.5  291    20    5.85  9.90 11.1  10.9   9.0  17.2       LEIXOES                      
 10 30  8  2 2014  5.65  8.7  11.8  292    26    5.31  8.36 11.1  10.2   8.9  16.4       LEIXOES                      
 11  0  8  2 2014  6.05  9.0  13.3  291    21    5.61 10.35 11.4  11.7   9.0  18.8       LEIXOES                      
 11 30  8  2 2014  5.91  9.4  13.3  296    19    5.52 10.33 12.0  13.3   8.9  17.2       LEIXOES                      
 12  0  8  2 2014  6.41  9.3  13.3  294    20    6.21 10.89 12.1  14.1  10.0  19.5       LEIXOES                      
 12 30  8  2 2014  6.46 10.3  15.4  297    15    6.22 12.47 13.8  15.6  10.3  20.3       LEIXOES                      
 13  0  8  2 2014  7.52 11.0  18.2  298    18    6.99 13.08 14.9  16.4  11.1  21.9       LEIXOES                      
 13 30  8  2 2014  7.65 11.1  18.2  297    17    7.28 11.86 14.9  14.8  11.6  23.4       LEIXOES                      
 14  0  8  2 2014  7.02 10.7  16.7  299    18    6.76 11.37 14.7  16.4  10.8  20.3       LEIXOES                      
 14 30  8  2 2014  7.38 11.0  16.7  301    18    7.06 10.75 14.9  15.6  11.5  21.9       LEIXOES                      
 15  0  8  2 2014  7.88 11.3  18.2  300    16    7.44 11.56 15.8  15.6  11.8  24.2       LEIXOES                      
 15 30  8  2 2014  6.92 10.4  18.2  298    21    6.67 10.15 14.5  15.6  11.2  24.2       LEIXOES                      
 16  0  8  2 2014  7.74 11.2  18.2  294    18    7.32 12.61 15.4  14.8  11.7  22.7       LEIXOES                      
 16 30  8  2 2014  7.63 11.1  18.2  296    16    7.08 11.48 14.8  15.6  11.5  21.9       LEIXOES                      
 17  0  8  2 2014  7.51 11.1  18.2  302    19    6.84 11.58 15.1  15.6  11.8  21.1       LEIXOES                      
 17 30  8  2 2014  7.30 10.6  18.2  300    19    7.47  9.76 15.9  13.3  11.8  21.1       LEIXOES                      
 18  0  8  2 2014  7.99 11.3  18.2  302    16    7.51 11.46 14.8  16.4  11.4  20.3       LEIXOES                      
 18 30  8  2 2014  8.45 11.4  18.2  299    17    7.88 12.20 15.1  13.3  11.7  21.9       LEIXOES                      
 19  0  8  2 2014  8.10 11.3  18.2  305    18    7.66 12.58 14.1  13.3  11.9  20.3       LEIXOES                      
 19 30  8  2 2014  8.12 11.0  16.7  296    19    7.71 12.02 14.8  15.6  10.9  20.3       LEIXOES                      
 20  0  8  2 2014  8.04 10.9  18.2  303    17    7.47 13.98 14.2  11.7  10.9  20.3       LEIXOES                      
 20 30  8  2 2014  8.24 11.4  16.7  302    21    8.12 11.11 14.9  14.8  11.8  21.1       LEIXOES                      
 21  0  8  2 2014  8.62 11.6  16.7  299    17    8.24 11.77 14.6  12.5  11.5  19.5       LEIXOES                      
 21 30  8  2 2014  7.43 10.9  16.7  303    19    7.65 12.79 14.6  14.8  11.2  21.1       LEIXOES                      
 22  0  8  2 2014  8.37 11.4  16.7  301    17    8.26 15.02 14.9  14.8  11.4  20.3       LEIXOES                      
 22 30  8  2 2014  7.37 10.8  16.7  298    17    7.34 12.41 14.6  15.6  11.0  21.1       LEIXOES                      
 23  0  8  2 2014  7.57 11.1  16.7  300    18    7.39 12.09 14.9  13.3  11.2  21.1       LEIXOES                      
 23 30  8  2 2014  7.50 11.1  16.7  302    18    7.58 13.59 14.2  13.3  12.0  21.9       LEIXOES                      
  0  0  9  2 2014  7.99 11.6  16.7  299    19    7.79 12.44 14.9  15.6  11.7  22.7       LEIXOES                      
  0 30  9  2 2014  7.61 11.3  16.7  298    20    7.23 11.53 14.4  14.8  11.6  21.1       LEIXOES                      
  1  0  9  2 2014  8.00 11.2  16.7  301    20    7.47 10.55 14.6  15.6  11.4  18.8       LEIXOES                      
  1 30  9  2 2014  7.19 11.1  15.4  301    18    6.96 11.53 14.3  14.1  11.1  21.1       LEIXOES                      
  2  0  9  2 2014  6.68 10.6  16.7  297    19    6.47 11.98 13.8  14.8  10.6  19.5       LEIXOES                      
  2 30  9  2 2014  7.58 11.3  16.7  295    17    7.33 13.29 14.5  13.3  11.6  19.5       LEIXOES                      
  3  0  9  2 2014  6.75 10.8  16.7  295    22    6.76 11.46 14.0  12.5  11.2  21.1       LEIXOES                      
  3 30  9  2 2014  6.51 10.4  15.4  301    19    6.31 10.39 14.6  14.8  11.0  21.1       LEIXOES                      
  4  0  9  2 2014  6.93 10.6  16.7  293    18    6.59  9.76 14.4  14.8  10.8  21.1       LEIXOES                      
  4 30  9  2 2014  6.40 10.2  16.7  295    24    6.03  8.73 14.2  14.1  11.0  21.1       LEIXOES                      
  5  0  9  2 2014  6.63 10.5  15.4  303    19    5.99  9.39 14.6  17.2  11.2  21.1       LEIXOES                      
  5 30  9  2 2014  6.36 10.3  16.7  298    20    5.81  9.84 13.8  12.5  10.6  21.9       LEIXOES                      
  6  0  9  2 2014  6.49 10.7  15.4  298    21    6.09  8.61 14.4  14.8  10.4  20.3       LEIXOES                      
  6 30  9  2 2014  6.26  9.9  16.7  300    19    6.04  8.98 13.7  10.9  10.4  19.5       LEIXOES                      
  7  0  9  2 2014  6.00  9.9  16.7  304    22    5.88 10.14 14.0  13.3  11.0  19.5       LEIXOES                      
  7 30  9  2 2014  6.15 10.3  15.4  299    16    6.06  8.78 14.6  16.4  10.7  19.5       LEIXOES                      
  8  0  9  2 2014  5.96  9.8  16.7  302    20    5.90  9.16 13.8  14.8  10.3  19.5       LEIXOES                      
  8 30  9  2 2014  6.11  9.5  15.4  305    19    5.82  8.85 13.9  14.1  10.1  18.8       LEIXOES                      
  9  0  9  2 2014  6.51  9.9  16.7  304    21    6.18 11.28 14.1  14.1  10.6  21.1       LEIXOES                      
  9 30  9  2 2014  5.83  9.2  15.4  303    21    5.67  8.68 14.0  14.8   9.7  20.3       LEIXOES                      
 10  0  9  2 2014  6.20  9.3  16.7  299    21    5.79  9.75 14.4  13.3  10.0  19.5       LEIXOES                      
 10 30  9  2 2014  6.60  9.8  16.7  304    19    6.18  7.91 14.3  12.5  10.3  18.8       LEIXOES                      
 11  0  9  2 2014  5.62  8.9  15.4  297    26    5.16  8.12 12.9  13.3   9.1  18.0       LEIXOES                      
 11 30  9  2 2014  5.68  8.6  16.7  308    24    5.43  7.69 12.7  15.6   9.0  18.0       LEIXOES                      
 12  0  9  2 2014  5.74  8.6  16.7  305    21    5.36  8.72 13.1  14.8   9.1  19.5       LEIXOES                      
 12 30  9  2 2014  6.35  8.9  15.4  303    20    5.68 10.95 12.9  14.8   9.2  18.0       LEIXOES                      
 13  0  9  2 2014  5.22  7.8  16.7  316    26    5.03  8.07 10.9  15.6   8.1  19.5       LEIXOES                      
 13 30  9  2 2014  5.59  8.4  16.7  311    22    5.46  8.51 12.5  14.1   9.0  18.0       LEIXOES                      
 14  0  9  2 2014  5.98  9.0  15.4  303    21    5.84  8.50 13.0  15.6   9.6  18.8       LEIXOES                      
 14 30  9  2 2014  6.21  8.7  15.4  308    22    5.80  9.43 12.2  15.6   9.0  18.0       LEIXOES                      
 15  0  9  2 2014  6.18  9.0  16.7  311    19    5.63  9.12 12.7  14.8   9.3  19.5       LEIXOES                      
 15 30  9  2 2014  6.49  9.2  15.4  303    22    5.78  9.08 13.3  13.3   9.3  20.3       LEIXOES                      
 17 30  9  2 2014  6.94  8.8  15.4  312    22    6.30  9.97 11.8  11.7   9.3  19.5       LEIXOES                      
 18  0  9  2 2014  7.07  8.9  14.3  308    27    6.95  9.23 12.6  13.3  10.2  18.8       LEIXOES                      
 18 30  9  2 2014  6.78  9.2  15.4  309    19    6.37 10.02 12.0  13.3   9.3  19.5       LEIXOES                      
 19  0  9  2 2014  6.42  8.5  14.3  308    21    6.20  8.54 11.6  11.7   9.2  16.4       LEIXOES                      
 20  0  9  2 2014  6.84  9.3  15.4  310    21    6.31  9.96 12.0  10.2   9.3  18.0       LEIXOES                      
 20 30  9  2 2014  6.73  9.0  15.4  310    24    6.49 10.36 12.0  12.5   9.2  18.8       LEIXOES                      
 21  0  9  2 2014  6.69  9.1  15.4  310    25    6.33 10.96 11.9  10.9   9.3  19.5       LEIXOES                      
 21 30  9  2 2014  6.11  8.7  14.3  297    27    5.96  9.72 11.0  10.9   9.1  18.0       LEIXOES                      
 22  0  9  2 2014  6.89  8.8  11.1  262    27    6.25 10.43 11.2  10.2   8.9  17.2       LEIXOES                      
 22 30  9  2 2014  6.71  8.4  11.8  275    38    6.37 10.59 11.2  11.7   8.6  16.4       LEIXOES                      
 23  0  9  2 2014  7.02  8.6  15.4  310    23    6.74 10.82 10.9  10.9   8.9  17.2       LEIXOES                      
 23 30  9  2 2014  7.81  9.2  11.1  264    37    7.44 12.70 11.2  11.7   9.1  18.0       LEIXOES                      
  0  0 10  2 2014  7.62  9.3  11.1  292    37    7.17 11.07 11.6  10.2   9.7  18.0       LEIXOES                      
  0 30 10  2 2014  8.13  9.3  11.1  295    37    7.70 12.02 11.7  10.2   9.9  18.0       LEIXOES                      
  1  0 10  2 2014  8.27  9.3  11.8  295    30    7.48 12.68 11.5  11.7   9.2  15.6       LEIXOES                      
  1 30 10  2 2014  7.96  9.4  12.5  287    34    7.56 11.81 11.7  12.5   9.4  14.8       LEIXOES                      
  2  0 10  2 2014  7.82  8.8  11.1  301    30    7.27 11.00 10.8  11.7   8.9  14.8       LEIXOES                      
  2 30 10  2 2014  7.67  9.0  12.5  287    39    7.42 12.41 11.6  10.9   9.6  17.2       LEIXOES                      
  3  0 10  2 2014  7.55  9.0  12.5  289    36    7.25 11.49 11.1  10.2   9.3  16.4       LEIXOES                      
  3 30 10  2 2014  6.77  8.9  14.3  291    37    7.00 10.91 12.0  13.3   9.3  16.4       LEIXOES                      
  4  0 10  2 2014  7.60  8.9  12.5  308    23    7.25 12.17 11.8  10.2   9.3  17.2       LEIXOES                      
  4 30 10  2 2014  7.43  8.8  12.5  301    34    7.07 11.08 11.3  10.2   8.8  16.4       LEIXOES                      
  5  0 10  2 2014  7.11  8.9  14.3  297    33    7.21  9.81 11.9  10.9   9.7  15.6       LEIXOES                      
  5 30 10  2 2014  6.81  8.5  11.8  286    34    6.78 11.31 11.3  10.9   9.2  17.2       LEIXOES                      
  6  0 10  2 2014  6.94  8.7  13.3  291    36    6.66 11.04 11.6  11.7   9.2  17.2       LEIXOES                      
  6 30 10  2 2014  7.30  8.9  12.5  295    30    6.49 10.27 11.5  10.9   9.2  15.6       LEIXOES                      
  7 30 10  2 2014  6.67  8.5  11.8  301    31    6.60 11.03 11.1  10.2   9.3  16.4       LEIXOES                      
  8  0 10  2 2014  7.62  9.1  13.3  297    25    7.19 11.10 11.9  15.6   9.6  17.2       LEIXOES                      
  8 30 10  2 2014  7.34  9.2  13.3  303    27    6.85 11.91 11.4  11.7   9.0  16.4       LEIXOES                      
  9  0 10  2 2014  6.66  8.6  12.5  300    27    6.74 10.25 11.8  11.7   9.3  16.4       LEIXOES                      
  9 30 10  2 2014  7.22  9.4  14.3  312    23    6.46  8.21 12.2  11.7   9.5  16.4       LEIXOES                      
 10  0 10  2 2014  7.07  9.2  13.3  303    29    6.62 10.28 11.8  10.9   9.9  18.0       LEIXOES                      
 10 30 10  2 2014  6.35  8.5  11.8  302    19    5.91  9.78 12.0  10.9   8.8  17.2       LEIXOES                      
 11  0 10  2 2014  6.46  9.0  11.8  301    23    6.22  9.79 11.5  12.5   9.3  16.4       LEIXOES                      
 11 30 10  2 2014  6.36  8.9  12.5  302    28    6.38 10.95 11.3  11.7   9.3  16.4       LEIXOES                      
 17 30 10  2 2014  6.08  9.7  13.3  307    19    5.53  7.85 11.7  12.5   9.4  16.4       LEIXOES                      
 18 30 10  2 2014  5.17  9.0  12.5  313    30    5.09  7.36 11.5  12.5   9.3  15.6       LEIXOES                      
 19  0 10  2 2014  5.17  9.0  14.3  315    24    5.03  7.61 11.8  12.5   9.4  17.2       LEIXOES                      
 19 30 10  2 2014  4.89  8.6  15.4  316    25    4.69  9.47 11.3  10.9   8.8  18.0       LEIXOES                      
 20  0 10  2 2014  5.38  9.0  15.4  317    22    5.01  8.24 12.0  10.9   9.3  18.0       LEIXOES                      
 20 30 10  2 2014  4.77  8.8  13.3  315    28    4.52  8.22 11.7  10.9   8.8  17.2       LEIXOES                      
 21  0 10  2 2014  5.36  9.3  14.3  312    21    5.04  7.76 12.3  11.7   9.7  17.2       LEIXOES                      
 21 30 10  2 2014  4.84  9.0  14.3  321    21    4.69  6.32 12.6  11.7   9.5  17.2       LEIXOES                      
 22  0 10  2 2014  4.90  8.7  12.5  322    27    4.75  8.50 11.7  11.7   9.4  15.6       LEIXOES                      
 22 30 10  2 2014  4.87  8.9  11.8  313    28    4.47  6.61 11.6  10.9   9.3  17.2       LEIXOES                      
 23  0 10  2 2014  4.68  8.7  14.3  318    22    4.43  7.84 11.8  11.7   8.6  16.4       LEIXOES                      
 23 30 10  2 2014  4.57  8.5  12.5  309    28    4.30  7.42 11.6  10.9   8.7  15.6       LEIXOES                      
  0  0 11  2 2014  4.54  8.3  11.8  315    27    4.39  6.91 11.6  10.9   8.4  15.6       LEIXOES                      
  0 30 11  2 2014  4.84  8.6  14.3  321    19    4.38  7.79 12.1  12.5   8.7  18.0       LEIXOES                      
  1  0 11  2 2014  4.60  8.2  14.3  325    23    4.19  6.54 11.6  12.5   8.5  15.6       LEIXOES                      
  1 30 11  2 2014  4.19  7.7  14.3  324    23    3.99  6.75 10.6  10.9   7.8  14.8       LEIXOES                      
  2  0 11  2 2014  4.34  7.7  14.3  327    20    3.98  6.65 10.7  12.5   8.3  17.2       LEIXOES                      
  2 30 11  2 2014  4.45  7.8  13.3  321    22    4.19  6.24 10.8  11.7   8.2  14.1       LEIXOES                      
  3  0 11  2 2014  4.38  7.5  12.5  320    24    4.12  6.40 10.8  10.2   7.7  14.8       LEIXOES                      
  3 30 11  2 2014  4.17  7.3  13.3  325    25    3.90  6.04 10.5  10.2   7.7  15.6       LEIXOES                      
  4  0 11  2 2014  4.21  7.3  13.3  321    25    3.85  6.88 10.0  11.7   7.6  15.6       LEIXOES                      
  4 30 11  2 2014  4.13  7.2  13.3  315    28    3.95  5.50  9.7   7.8   7.7  14.8       LEIXOES                      
  5  0 11  2 2014  4.38  7.1  13.3  303    30    4.16  6.25 10.2  11.7   7.7  14.8       LEIXOES                      
  5 30 11  2 2014  4.23  7.0  12.5  309    26    3.87  6.07  9.6  10.2   7.5  17.2       LEIXOES                      
  6  0 11  2 2014  4.24  6.8  12.5  305    31    4.10  6.28  9.2   8.6   7.1  14.1       LEIXOES                      
  6 30 11  2 2014  4.47  7.0  11.8  303    29    4.18  7.81  8.9   8.6   7.2  14.1       LEIXOES                      
  7  0 11  2 2014  4.52  7.1   8.0  240    30    4.22  6.30  9.0   7.8   7.4  14.8       LEIXOES                      
  7 30 11  2 2014  4.49  7.0  12.5  306    29    4.20  6.37  9.0   8.6   7.4  13.3       LEIXOES                      
  8  0 11  2 2014  4.52  7.0   9.1  259    31    4.38  6.69  8.7   8.6   7.0  14.1       LEIXOES                      
  8 30 11  2 2014  4.57  7.2   9.1  256    33    4.26  7.38  9.0   8.6   7.3  13.3       LEIXOES                      
  9  0 11  2 2014  4.50  7.3  10.0  274    28    4.13  5.58  9.2   7.8   7.6  12.5       LEIXOES                      
  9 30 11  2 2014  4.53  7.5  10.0  267    30    4.30  7.52  9.4   7.8   7.7  14.1       LEIXOES                      
 10  0 11  2 2014  4.40  7.5  11.8  301    25    4.12  7.64  9.5   9.4   7.6  14.8       LEIXOES                      
 10 30 11  2 2014  4.28  7.4  10.0  270    34    4.03  7.48  9.4   8.6   7.7  14.8       LEIXOES                      
 11  0 11  2 2014  4.19  7.4  10.0  271    38    3.94  7.72  9.5   9.4   7.7  14.8       LEIXOES                      
 11 30 11  2 2014  4.58  7.8  10.5  271    29    4.27  6.97  9.7   9.4   8.3  14.8       LEIXOES                      
 12  0 11  2 2014  3.87  7.3  12.5  301    30    3.83  6.27  9.6  10.2   7.6  14.8       LEIXOES                      
 12 30 11  2 2014  3.89  7.5  10.5  269    34    3.82  5.66 10.0   9.4   8.1  14.8       LEIXOES                      
 13  0 11  2 2014  4.14  7.8  11.8  287    26    3.92  5.78 10.4   9.4   8.5  14.8       LEIXOES                      
 13 30 11  2 2014  3.90  7.5  11.1  275    33    3.70  5.65 10.0  10.2   8.1  14.1       LEIXOES                      
 14  0 11  2 2014  4.39  8.0  11.8  287    26    4.04  6.17 10.3   9.4   8.2  14.1       LEIXOES                      
 14 30 11  2 2014  4.71  8.5  11.8  285    24    4.42  6.62 10.6  11.7   8.7  14.8       LEIXOES                      
 15  0 11  2 2014  4.23  8.1  11.1  272    25    4.09  6.67 10.4  10.2   8.5  14.1       LEIXOES                      
 18  0 11  2 2014  3.66  8.6  12.5  292    30    3.54  4.98 10.8  10.9   9.1  14.8       LEIXOES                      
 21  0 11  2 2014  4.08  8.7  11.1  278    26    3.88  6.80 10.7  10.2   8.8  15.6       LEIXOES                      
  0  0 12  2 2014  4.09  9.1  11.8  295    25    3.78  6.34 10.8  10.2   9.4  15.6       LEIXOES                      
  3  0 12  2 2014  4.23  8.7  11.8  299    21    3.92  5.80 10.7   8.6   8.8  14.8       LEIXOES                      
  6  0 12  2 2014  3.25  7.3  11.8  288    26    2.97  4.65 10.1  11.7   7.7  14.8       LEIXOES                      
  9  0 12  2 2014  3.60  6.9  12.5  291    26    3.28  5.61 10.1  10.2   7.3  15.6       LEIXOES                      
 12  0 12  2 2014  3.38  7.2  13.3  301    31    3.25  5.18 10.5  12.5   7.9  15.6       LEIXOES                      
 15  0 12  2 2014  3.33  8.2  12.5  293    22    3.15  4.61 11.2  10.2   8.9  16.4       LEIXOES                      
 21  0 12  2 2014  3.17  7.5  13.3  314    28    3.06  4.55 11.0  10.2   8.1  14.8       LEIXOES                      
  0  0 13  2 2014  3.51  7.7  12.5  311    25    3.18  4.92 10.6  11.7   8.2  16.4       LEIXOES                      
  3  0 13  2 2014  3.52  8.3  13.3  311    19    3.29  5.44 11.6  14.1   8.9  15.6       LEIXOES                      
  6  0 13  2 2014  3.71  8.6  15.4  318    18    3.47  6.48 12.1  13.3   8.8  20.3       LEIXOES                      
  6 30 13  2 2014  4.76  9.9  13.3  312    17    4.51  8.08 13.1  12.5   9.8  17.2       LEIXOES                      
  7  0 13  2 2014  4.37  9.6  15.4  316    17    4.09  5.32 13.4  13.3  10.6  16.4       LEIXOES                      
  7 30 13  2 2014  4.53  9.8  15.4  316    19    4.29  7.14 12.9  13.3  10.0  17.2       LEIXOES                      
  8  0 13  2 2014  4.45  9.6  13.3  312    17    4.09  6.41 12.8  12.5   9.8  17.2       LEIXOES                      
  8 30 13  2 2014  4.75  9.6  14.3  316    20    4.72  7.17 12.7  13.3  10.3  19.5       LEIXOES                      
  9  0 13  2 2014  5.02  9.9  13.3  309    18    4.87  9.44 12.7  13.3  10.1  17.2       LEIXOES                      
  9 30 13  2 2014  4.82  9.9  14.3  314    20    4.81  7.46 13.1  12.5  10.5  18.0       LEIXOES                      
 10  0 13  2 2014  4.88 10.0  15.4  317    15    4.53  6.23 13.1  13.3   9.9  17.2       LEIXOES                      
 10 30 13  2 2014  4.87  9.6  14.3  318    16    4.54  7.68 12.6  12.5   9.7  16.4       LEIXOES                      
 11  0 13  2 2014  4.87  9.7  14.3  313    15    4.62  9.14 12.5  10.9  10.2  18.0       LEIXOES                      
 11 30 13  2 2014  4.28  9.1  14.3  316    21    4.30  7.46 12.4  13.3   9.7  17.2       LEIXOES                      
 12  0 13  2 2014  4.61  9.1  12.5  310    18    4.23  7.08 12.1  10.9   9.2  16.4       LEIXOES                      
 15  0 13  2 2014  3.91  8.4  13.3  311    21    3.72  5.77 11.1  10.2   9.0  15.6       LEIXOES                      
 18  0 13  2 2014  3.97  8.4  13.3  312    20    3.84  5.97 11.5  11.7   8.7  16.4       LEIXOES                      
 21  0 13  2 2014  3.84  7.4  12.5  312    20    3.49  5.82 10.5  11.7   7.5  15.6       LEIXOES                      
  0  0 14  2 2014  3.83  7.3  12.5  318    22    3.64  6.03 10.7  10.9   8.1  15.6       LEIXOES                      
  3  0 14  2 2014  3.41  6.8  11.8  314    27    3.27  5.21  9.4   9.4   7.2  14.8       LEIXOES                      
  6  0 14  2 2014  3.72  6.9  12.5  310    25    3.49  4.96  9.6   7.0   7.3  14.8       LEIXOES                      
  9  0 14  2 2014  4.17  6.9  11.8  299    26    3.78  6.33  8.7  10.9   6.7  13.3       LEIXOES                      
 10 30 14  2 2014  4.45  6.9  12.5  302    22    4.11  6.21  8.8   8.6   7.1  14.1       LEIXOES                      
 11  0 14  2 2014  4.63  7.0  10.0  272    20    4.18  7.82  8.7   7.0   7.2  13.3       LEIXOES                      
 11 30 14  2 2014  4.63  7.0   8.0  230    30    4.33  7.73  8.9   8.6   7.4  14.8       LEIXOES                      
 12  0 14  2 2014  4.55  7.0  11.8  294    20    4.63  7.90  9.3   8.6   7.6  12.5       LEIXOES                      
 12 30 14  2 2014  4.59  7.3  11.8  289    24    4.34  7.08  9.3   8.6   7.6  14.8       LEIXOES                      
 13  0 14  2 2014  4.90  7.5  11.8  286    24    4.63  8.16  9.4  10.9   7.6  14.8       LEIXOES                      
 13 30 14  2 2014  4.81  7.5  11.1  282    23    4.34  7.44  9.7  12.5   7.8  14.8       LEIXOES                      
 14  0 14  2 2014  4.93  8.0  12.5  287    20    4.76  7.54 10.7  10.2   8.3  14.8       LEIXOES                      
 14 30 14  2 2014  4.65  7.7  11.8  286    24    4.43  9.05 10.4  10.2   8.1  14.8       LEIXOES                      
 15  0 14  2 2014  4.75  7.9  11.8  280    21    4.45  6.44 10.6  10.9   7.9  15.6       LEIXOES                      
 15 30 14  2 2014  4.66  7.8  11.8  290    22    4.42  5.96 11.1  10.9   8.3  15.6       LEIXOES                      
 16  0 14  2 2014  5.02  8.2  12.5  286    19    4.80  9.29 10.7  11.7   8.5  16.4       LEIXOES                      
 16 30 14  2 2014  5.62  8.8  11.8  280    18    5.25  9.36 11.4  10.9   8.9  14.8       LEIXOES                      
 17  0 14  2 2014  5.18  8.7  13.3  291    23    4.96  7.36 11.7  14.1   9.2  18.0       LEIXOES                      
 17 30 14  2 2014  5.58  8.7  11.8  284    21    5.34  9.11 11.7  11.7   9.4  17.2       LEIXOES                      
 18  0 14  2 2014  5.92  9.2  13.3  282    21    5.45  8.52 12.4  14.1   9.8  17.2       LEIXOES                      
 18 30 14  2 2014  6.78 10.0  14.3  284    18    6.29 10.70 13.0  14.8  10.4  20.3       LEIXOES                      
 19  0 14  2 2014  6.33  9.9  15.4  285    17    6.16  9.23 13.0  14.1  10.4  18.0       LEIXOES                      
 19 30 14  2 2014  7.22 10.4  13.3  282    17    6.69 11.73 12.9  14.8  10.6  18.0       LEIXOES                      
 20  0 14  2 2014  6.76  9.9  14.3  287    18    6.39 11.90 13.2  12.5  10.3  20.3       LEIXOES                      
 20 30 14  2 2014  7.20 10.7  16.7  284    15    7.28 12.02 13.8  16.4  11.2  19.5       LEIXOES                      
 21  0 14  2 2014  7.19 10.7  15.4  279    17    7.00  9.67 14.0  13.3  11.5  19.5       LEIXOES                      
 21 30 14  2 2014  7.62 10.7  15.4  281    18    7.87 11.64 14.1  12.5  11.5  19.5       LEIXOES                      
 22  0 14  2 2014  7.53 11.3  16.7  281    14    7.39 10.89 15.1  12.5  12.1  21.1       LEIXOES                      
 22 30 14  2 2014  6.98 10.7  16.7  281    15    7.15 10.42 14.0  14.1  11.8  20.3       LEIXOES                      
 23  0 14  2 2014  6.99 10.7  16.7  279    18    6.64  9.55 14.2  16.4  10.8  18.0       LEIXOES                      
 23 30 14  2 2014  7.62 11.1  16.7  279    17    6.54 11.06 13.4  12.5  10.4  19.5       LEIXOES                      
  0  0 15  2 2014  6.71 10.6  16.7  277    16    6.45 11.15 14.7  14.1  11.2  21.1       LEIXOES                      
  0 30 15  2 2014  7.15 11.0  15.4  278    16    6.89 12.21 14.5  13.3  11.4  20.3       LEIXOES                      
  1  0 15  2 2014  6.42 10.1  16.7  277    16    6.29  9.39 13.5  13.3  10.4  19.5       LEIXOES                      
  1 30 15  2 2014  7.37 11.1  16.7  281    15    6.86 10.93 14.4  14.8  11.4  21.1       LEIXOES                      
  2  0 15  2 2014  7.05 10.8  16.7  282    15    6.28 10.83 13.8  16.4  10.2  19.5       LEIXOES                      
  2 30 15  2 2014  6.66 10.5  14.3  282    18    6.24  9.87 13.5  13.3  10.5  19.5       LEIXOES                      
  3  0 15  2 2014  6.34 10.0  16.7  281    19    6.07 14.73 12.9  11.7  10.3  19.5       LEIXOES                      
  3 30 15  2 2014  6.09 10.1  15.4  279    20    5.74  8.83 13.2  13.3  10.5  18.8       LEIXOES                      
  4  0 15  2 2014  5.86  9.7  15.4  279    22    5.96 10.64 13.2  16.4  10.5  20.3       LEIXOES                      
  4 30 15  2 2014  6.28 10.3  16.7  277    16    5.81  9.74 13.6  12.5  10.6  18.8       LEIXOES                      
  5  0 15  2 2014  5.95  9.9  14.3  283    19    5.66  8.05 13.2  11.7  10.4  21.1       LEIXOES                      
  5 30 15  2 2014  6.23 10.1  16.7  278    17    6.03  9.04 13.5  14.1  10.6  18.8       LEIXOES                      
  6  0 15  2 2014  6.18 10.2  15.4  278    17    5.70 11.35 13.8  13.3  10.5  19.5       LEIXOES                      
  6 30 15  2 2014  5.90  9.9  16.7  280    22    5.73  9.38 13.5  11.7  10.3  18.0       LEIXOES                      
  7  0 15  2 2014  6.73 10.9  14.3  285    17    6.22 10.00 13.4  15.6  11.0  22.7       LEIXOES                      
  7 30 15  2 2014  5.84 10.2  15.4  286    20    5.51  7.05 13.8  13.3  10.7  20.3       LEIXOES                      
  8  0 15  2 2014  6.82 10.9  16.7  280    18    6.35 10.65 14.0  13.3  11.3  21.9       LEIXOES                      
  8 30 15  2 2014  5.81 10.5  16.7  279    22    5.78  8.28 14.2  16.4  11.1  20.3       LEIXOES                      
  9  0 15  2 2014  5.69 10.0  16.7  278    22    5.63  9.60 13.5  14.1  10.5  25.8       LEIXOES                      
  9 30 15  2 2014  6.60 10.8  14.3  287    23    5.73  8.57 13.4  11.7  10.3  18.8       LEIXOES                      
 10  0 15  2 2014  5.59  9.9  14.3  292    22    5.21  9.40 12.8  11.7   9.8  18.8       LEIXOES                      
 10 30 15  2 2014  5.93 10.3  15.4  287    22    5.57  8.21 13.9  14.8  10.3  20.3       LEIXOES                      
 11  0 15  2 2014  5.34  9.9  14.3  293    26    4.95  8.14 12.8  14.1  10.0  18.8       LEIXOES                      
 11 30 15  2 2014  5.35  9.9  14.3  283    28    4.95  6.53 13.5  14.8  10.1  19.5       LEIXOES                      
 12  0 15  2 2014  5.77 10.0  15.4  280    25    5.27  9.60 12.9  13.3   9.6  19.5       LEIXOES                      
 12 30 15  2 2014  6.01 10.3  15.4  276    19    5.71 10.74 13.6  13.3  10.8  18.8       LEIXOES                      
 13  0 15  2 2014  5.80 10.0  15.4  281    21    5.68 10.96 13.2  12.5  10.3  20.3       LEIXOES                      
 13 30 15  2 2014  5.16  9.4  15.4  275    21    5.17  8.15 12.9  11.7  10.5  18.8       LEIXOES                      
 14  0 15  2 2014  5.59  9.7  14.3  287    25    5.22  8.90 12.9  13.3  10.4  19.5       LEIXOES                      
 14 30 15  2 2014  6.23 10.5  14.3  283    21    5.61 10.23 13.4  13.3  10.2  18.8       LEIXOES                      
 15  0 15  2 2014  5.03  9.2  13.3  296    26    4.69  6.86 12.4  10.9   9.6  18.0       LEIXOES                      
 15 30 15  2 2014  5.17  9.8  14.3  289    25    5.00  8.36 13.1  14.1  10.2  17.2       LEIXOES                      
 16  0 15  2 2014  6.30 10.5  15.4  284    17    6.27  9.41 13.8  14.1  11.5  19.5       LEIXOES                      
 16 30 15  2 2014  5.66 10.2  14.3  289    24    5.24  7.97 13.3  13.3  10.2  18.0       LEIXOES                      
 17  0 15  2 2014  5.87 10.1  15.4  288    18    5.54  8.22 12.7  14.1  10.0  17.2       LEIXOES                      
 17 30 15  2 2014  5.79  9.8  14.3  292    26    5.44  8.82 12.7  11.7  10.1  18.8       LEIXOES                      
 18  0 15  2 2014  5.87 10.2  15.4  294    23    5.30  8.60 13.1  14.1  10.5  18.0       LEIXOES                      
 18 30 15  2 2014  6.02 10.4  14.3  301    24    5.45  8.04 12.9  10.9  10.2  17.2       LEIXOES                      
 19  0 15  2 2014  6.82 10.9  15.4  291    19    6.47 11.34 13.8  14.1  10.6  18.8       LEIXOES                      
 19 30 15  2 2014  5.61  9.9  15.4  292    24    5.37  8.83 12.8  13.3   9.8  17.2       LEIXOES                      
 20  0 15  2 2014  6.09 10.6  15.4  295    20    5.72  7.55 13.4  13.3  10.6  18.0       LEIXOES                      
 20 30 15  2 2014  5.66 10.3  15.4  296    21    5.44  6.71 13.1  13.3  10.8  18.8       LEIXOES                      
 21  0 15  2 2014  6.10 10.5  14.3  290    24    5.55  7.37 13.4  13.3  10.6  16.4       LEIXOES                      
 21 30 15  2 2014  5.26 10.0  15.4  299    23    5.06  7.54 13.5  11.7  10.5  18.0       LEIXOES                      
 22  0 15  2 2014  6.19 10.8  15.4  298    21    6.12 10.24 14.1  13.3  11.3  19.5       LEIXOES                      
 22 30 15  2 2014  5.77 10.4  14.3  295    26    5.58  7.60 13.7  14.8  10.6  20.3       LEIXOES                      
 23  0 15  2 2014  5.77 10.8  15.4  300    24    5.45  8.71 14.1  14.8  10.9  18.8       LEIXOES                      
 23 30 15  2 2014  6.04 10.6  15.4  301    22    5.80 10.27 14.3  15.6  11.4  18.8       LEIXOES                      
  0  0 16  2 2014  6.03 10.9  16.7  305    18    5.85  8.65 14.2  15.6  11.0  19.5       LEIXOES                      
  0 30 16  2 2014  5.65 10.5  15.4  306    22    5.54  8.20 13.9  17.2  10.7  19.5       LEIXOES                      
  1  0 16  2 2014  5.75 10.8  15.4  295    22    5.69  8.06 14.0  14.8  10.9  19.5       LEIXOES                      
  1 30 16  2 2014  6.12 11.2  15.4  306    22    5.83 10.58 14.3  12.5  11.2  21.1       LEIXOES                      
  2  0 16  2 2014  5.67 10.7  16.7  311    19    5.82  9.60 14.3  12.5  11.3  20.3       LEIXOES                      
  2 30 16  2 2014  5.97 11.0  15.4  299    23    5.70  8.30 14.2  16.4  11.9  19.5       LEIXOES                      
  3  0 16  2 2014  5.60 11.0  15.4  311    21    5.58  8.77 14.4  14.1  11.3  19.5       LEIXOES                      
  3 30 16  2 2014  5.57 11.2  15.4  308    20    5.75  9.07 14.3  14.1  11.2  18.8       LEIXOES                      
  4  0 16  2 2014  5.75 11.1  15.4  310    21    5.54  8.65 13.8  15.6  11.5  20.3       LEIXOES                      
  4 30 16  2 2014  6.13 11.6  15.4  305    18    5.93  8.35 14.4  14.1  12.1  18.8       LEIXOES                      
  5  0 16  2 2014  5.37 11.4  16.7  318    20    5.05  8.60 14.6  13.3  11.4  19.5       LEIXOES                      
  5 30 16  2 2014  6.02 11.7  15.4  319    20    5.82 11.37 14.9  14.1  12.0  20.3       LEIXOES                      
  6  0 16  2 2014  6.35 11.7  15.4  315    20    5.73 11.19 14.1  14.8  11.5  18.8       LEIXOES                      
  6 30 16  2 2014  6.38 11.7  15.4  312    20    6.16  9.99 14.5  14.1  12.1  20.3       LEIXOES                      
  7  0 16  2 2014  5.78 11.2  15.4  312    22    5.44  8.85 14.0  13.3  12.0  18.8       LEIXOES                      
  7 30 16  2 2014  6.13 11.6  15.4  317    17    5.61  9.49 14.1  15.6  11.3  18.0       LEIXOES                      
  8  0 16  2 2014  6.29 11.5  14.3  315    19    5.91  9.16 14.1  12.5  12.1  19.5       LEIXOES                      
  8 30 16  2 2014  5.52 11.3  15.4  316    18    5.29  9.50 13.9  14.1  11.1  20.3       LEIXOES                      
  9  0 16  2 2014  5.46 11.1  15.4  318    19    4.94  8.63 13.9  14.8  10.7  20.3       LEIXOES                      
  9 30 16  2 2014  5.77 11.3  15.4  316    21    5.45  8.09 13.8  14.1  10.9  19.5       LEIXOES                      
 10  0 16  2 2014  4.94 10.6  15.4  311    21    4.91  7.88 13.8  12.5  11.4  19.5       LEIXOES                      
 10 30 16  2 2014  5.58 11.1  15.4  314    20    5.33  9.91 13.9  14.1  11.4  18.0       LEIXOES                      
 11  0 16  2 2014  6.07 11.5  15.4  315    18    5.63 11.17 13.8  13.3  11.9  20.3       LEIXOES                      
 11 30 16  2 2014  5.03 10.6  16.7  313    17    4.79  7.25 13.3  13.3  10.7  18.0       LEIXOES                      
 12  0 16  2 2014  5.26 10.4  15.4  310    20    5.06  7.52 12.9  12.5  10.8  18.8       LEIXOES                      
 12 30 16  2 2014  5.14 10.8  15.4  317    21    4.98  8.30 13.6  12.5  10.9  19.5       LEIXOES                      
 13  0 16  2 2014  5.20 10.6  14.3  315    20    5.04  9.27 13.5  14.1  11.3  19.5       LEIXOES                      
 13 30 16  2 2014  4.96 10.4  15.4  312    19    4.89  8.82 13.1  11.7  10.7  20.3       LEIXOES                      
 14  0 16  2 2014  4.56 10.0  15.4  313    20    4.59  7.07 13.2  14.8  10.8  18.0       LEIXOES                      
 14 30 16  2 2014  4.63 10.0  14.3  315    20    4.39  7.12 12.7  11.7  10.2  18.8       LEIXOES                      
 15  0 16  2 2014  4.57  9.9  15.4  315    21    4.31  7.48 13.0  12.5  10.0  18.8       LEIXOES                      
 15 30 16  2 2014  4.21  9.6  15.4  311    20    4.11  6.57 13.0  12.5  10.1  18.0       LEIXOES                      
 18  0 16  2 2014  4.17  9.7  14.3  313    21    3.82  6.19 12.6  14.1   9.8  18.0       LEIXOES                      
 21  0 16  2 2014  3.39  8.5  14.3  320    23    3.17  5.08 11.9  11.7   9.2  15.6       LEIXOES                      
  0  0 17  2 2014  3.17  7.5  13.3  312    21    2.95  5.00 11.3  10.9   7.8  14.8       LEIXOES                      
  3  0 17  2 2014  2.97  6.0  12.5  310    32    2.60  3.81  8.7   8.6   6.3  14.1       LEIXOES                      
  6  0 17  2 2014  3.15  5.5   6.2  208    40    2.96  4.56  7.2   8.6   6.0  14.1       LEIXOES                      
  9  0 17  2 2014  4.10  6.7   9.1  279    28    3.94  6.45  8.4   7.8   7.1  14.1       LEIXOES                      
 12  0 17  2 2014  3.33  6.7  12.5  308    21    3.09  4.59  8.6   9.4   7.2  14.1       LEIXOES                      
 15  0 17  2 2014  3.58  6.8  11.8  297    24    3.22  4.21  9.2   9.4   6.9  14.8       LEIXOES                      
 18  0 17  2 2014  3.47  7.3  12.5  296    20    3.23  5.43 10.5   9.4   7.5  17.2       LEIXOES                      
 21  0 17  2 2014  4.04  8.6  11.8  297    19    3.77  5.36 11.7  10.2   9.4  18.8       LEIXOES                      
 22  0 17  2 2014  4.00  9.1  14.3  303    18    4.27  6.59 13.0  10.9  10.0  17.2       LEIXOES                      
 22 30 17  2 2014  4.59  9.5  15.4  295    17    4.19  6.27 12.8  13.3  10.1  18.0       LEIXOES                      
 23  0 17  2 2014  4.84  9.7  12.5  297    19    4.48  7.46 12.3  11.7   9.4  18.0       LEIXOES                      
 23 30 17  2 2014  4.77  9.7  15.4  295    17    4.58  6.74 13.0  10.9  10.4  18.0       LEIXOES                      
  0  0 18  2 2014  4.72  9.8  13.3  298    16    4.31  6.55 12.6  11.7   9.8  18.0       LEIXOES                      
  0 30 18  2 2014  4.13  9.2  15.4  294    23    3.99  6.15 12.5  12.5   9.4  19.5       LEIXOES                      
  1  0 18  2 2014  4.85 10.1  15.4  292    14    4.64  7.56 14.0  12.5  10.5  18.8       LEIXOES                      
  1 30 18  2 2014  4.57  9.6  15.4  293    18    4.51  9.43 13.1  13.3  10.4  19.5       LEIXOES                      
  2  0 18  2 2014  4.26  9.3  15.4  288    15    4.06  7.16 13.1  14.1   9.6  18.0       LEIXOES                      
  2 30 18  2 2014  4.50  9.2  12.5  294    21    4.16  6.29 12.5  13.3   9.2  20.3       LEIXOES                      
  3  0 18  2 2014  4.66  9.7  15.4  293    19    4.38  6.29 13.8  11.7  10.2  19.5       LEIXOES                      
  3 30 18  2 2014  4.88  9.9  15.4  292    16    4.55  7.82 13.8  15.6  10.1  19.5       LEIXOES                      
  4  0 18  2 2014  4.29  9.5  13.3  291    19    4.05  6.59 12.9  13.3   9.6  18.0       LEIXOES                      
  4 30 18  2 2014  4.40  9.7  15.4  293    20    4.24  6.29 13.8  13.3  10.5  21.1       LEIXOES                      
  5  0 18  2 2014  4.47 10.0  15.4  292    17    4.40  7.65 13.2  12.5  10.4  21.1       LEIXOES                      
  5 30 18  2 2014  5.12 10.3  15.4  294    19    4.60  7.39 13.7  14.8  10.7  19.5       LEIXOES                      
  6  0 18  2 2014  4.14  9.7  16.7  293    22    3.90  7.01 13.6  14.1  10.3  19.5       LEIXOES                      
  6 30 18  2 2014  4.64 10.4  15.4  296    19    4.35  7.03 14.1  14.8  10.9  20.3       LEIXOES                      
  7  0 18  2 2014  4.73 10.2  15.4  296    20    4.27  6.89 13.3  13.3  10.4  18.8       LEIXOES                      
  7 30 18  2 2014  4.32 10.2  15.4  296    21    4.10  5.89 13.6  13.3  10.5  18.0       LEIXOES                      
  8  0 18  2 2014  4.43 10.2  15.4  300    18    4.24  6.63 13.2  14.8  10.5  19.5       LEIXOES                      
  8 30 18  2 2014  4.31 10.1  15.4  299    21    3.99  5.50 13.3  12.5  10.0  17.2       LEIXOES                      
  9  0 18  2 2014  4.71 10.5  15.4  302    21    4.29  6.92 13.8  14.1  10.9  19.5       LEIXOES                      
  9 30 18  2 2014  4.34 10.2  15.4  295    20    4.28  7.00 13.3  12.5  10.7  18.0       LEIXOES                      
 10  0 18  2 2014  4.47 10.6  15.4  303    22    4.46  6.69 13.3  14.1  11.1  18.8       LEIXOES                      
 10 30 18  2 2014  4.51 10.8  13.3  295    19    4.13  7.58 13.2  12.5  10.3  17.2       LEIXOES                      
 11  0 18  2 2014  4.36 10.5  14.3  296    19    4.23  6.57 13.2  13.3  10.9  18.8       LEIXOES                      
 11 30 18  2 2014  4.06  9.9  15.4  299    19    3.92  5.79 12.8  13.3  10.3  18.0       LEIXOES                      
 12  0 18  2 2014  4.82 11.0  15.4  302    18    4.44  6.70 13.6  13.3  11.5  19.5       LEIXOES                      
 12 30 18  2 2014  4.14 10.3  15.4  301    20    3.91  5.93 13.3  12.5  10.7  18.8       LEIXOES                      
 13  0 18  2 2014  4.45 10.6  15.4  300    21    4.19  7.14 13.3  13.3  11.2  18.0       LEIXOES                      
 13 30 18  2 2014  4.22 10.3  14.3  298    21    4.03  7.85 12.5  12.5  10.6  17.2       LEIXOES                      
 14  0 18  2 2014  4.12  9.8  12.5  299    18    4.11  6.97 12.6  10.2  10.5  18.0       LEIXOES                      
 15  0 18  2 2014  3.98  9.8  14.3  300    22    3.83  6.20 12.3  10.9  10.2  20.3       LEIXOES                      
 18  0 18  2 2014  3.69  9.1  14.3  301    21    3.71  5.57 12.6  14.1   9.9  16.4       LEIXOES                      
 21  0 18  2 2014  3.36  8.5  14.3  298    24    3.28  4.81 12.0  10.9   9.4  16.4       LEIXOES                      
  0  0 19  2 2014  3.40  8.8  14.3  298    22    3.38  5.60 12.7  11.7   9.4  19.5       LEIXOES                      
  3  0 19  2 2014  3.11  8.7  12.5  295    28    2.88  5.08 11.5  12.5   9.1  17.2       LEIXOES                      
  6  0 19  2 2014  3.19  9.4  13.3  295    21    2.98  4.44 12.2  10.9  10.2  18.0       LEIXOES                      
  9  0 19  2 2014  2.96  9.2  13.3  301    23    2.85  5.65 12.0  10.9   9.6  16.4       LEIXOES                      
 12  0 19  2 2014  2.61  8.7  13.3  303    20    2.54  4.03 11.5  10.9   9.2  18.0       LEIXOES                      
 15  0 19  2 2014  2.57  9.0  13.3  309    22    2.44  3.84 11.6  10.9   9.4  16.4       LEIXOES                      
 18  0 19  2 2014  2.21  7.8  13.3  307    24    2.10  3.60 10.8  11.7   8.3  16.4       LEIXOES                      
 21  0 19  2 2014  1.89  6.9  13.3  304    25    1.72  3.20  9.7   9.4   7.0  15.6       LEIXOES                      
  0  0 20  2 2014  1.92  7.7  11.8  310    27    1.89  2.72 11.0  12.5   8.3  16.4       LEIXOES                      
  3  0 20  2 2014  2.00  7.1  11.8  304    30    1.87  3.21 10.5   8.6   7.7  19.5       LEIXOES                      
  6  0 20  2 2014  1.85  6.1  11.8  298    24    1.67  2.62  9.8  12.5   6.7  15.6       LEIXOES                      
  9  0 20  2 2014  1.95  5.6  12.5  291    27    1.73  3.07  8.3  12.5   6.0  15.6       LEIXOES                      
 12  0 20  2 2014  1.90  5.6  15.4  297    27    1.80  3.37  8.6  11.7   6.2  15.6       LEIXOES                      
 15  0 20  2 2014  2.28  6.3  15.4  303    26    2.01  3.08  9.2   7.8   6.9  15.6       LEIXOES                      
 18  0 20  2 2014  2.60  6.8  15.4  293    26    2.48  3.97 10.6   8.6   7.2  18.0       LEIXOES                      
 21  0 20  2 2014  3.29  8.2  15.4  296    22    3.03  4.84 10.9  10.9   8.3  16.4       LEIXOES                      
  0  0 21  2 2014  3.66  8.1  14.3  298    23    3.44  5.19 10.4  10.9   8.3  16.4       LEIXOES                      
  3  0 21  2 2014  4.04  8.2  14.3  304    26    4.02  5.41 11.6  10.9   8.8  18.0       LEIXOES                      
  5 30 21  2 2014  4.78  8.8  14.3  301    25    4.63  7.23 11.4  10.2   9.0  15.6       LEIXOES                      
  6  0 21  2 2014  4.76  9.0  13.3  306    21    4.37  7.29 12.2  10.9   9.4  17.2       LEIXOES                      
  6 30 21  2 2014  4.56  9.0  13.3  306    24    4.32  7.96 12.0  10.9   9.6  17.2       LEIXOES                      
  7  0 21  2 2014  4.27  8.8  13.3  299    24    4.10  6.80 12.1  11.7   9.6  15.6       LEIXOES                      
  7 30 21  2 2014  4.04  8.7  14.3  298    23    3.90  6.61 11.7  10.9   9.3  17.2       LEIXOES                      
  8  0 21  2 2014  4.01  8.8  14.3  302    20    3.71  6.55 11.5  10.2   8.9  18.0       LEIXOES                      
  8 30 21  2 2014  4.24  9.1  12.5  294    22    4.07  8.02 12.1  13.3   9.7  17.2       LEIXOES                      
  9  0 21  2 2014  4.92  9.6  14.3  294    18    4.42  7.14 12.2  12.5   9.7  17.2       LEIXOES                      
  9 30 21  2 2014  4.15  9.1  11.8  303    22    4.00  7.14 11.7  10.9   9.6  16.4       LEIXOES                      
 10  0 21  2 2014  4.70  9.5  13.3  296    20    4.49  7.62 11.7  11.7   9.6  18.8       LEIXOES                      
 10 30 21  2 2014  4.68  9.8  14.3  294    21    4.41  7.99 12.4  13.3  10.2  16.4       LEIXOES                      
 11  0 21  2 2014  4.45  9.3  12.5  295    22    3.94  7.18 11.6  10.2   9.3  16.4       LEIXOES                      
 11 30 21  2 2014  4.03  9.0  13.3  294    26    4.03  6.05 11.9  11.7   9.3  15.6       LEIXOES                      
 12  0 21  2 2014  4.65  9.4  14.3  293    19    4.41  8.00 12.5  10.9  10.1  16.4       LEIXOES                      
 12 30 21  2 2014  4.83  9.7  14.3  302    20    4.63  7.57 12.7  12.5  10.1  20.3       LEIXOES                      
 13  0 21  2 2014  4.26  9.3  13.3  296    20    4.00  6.62 11.7  11.7   9.4  16.4       LEIXOES                      
 13 30 21  2 2014  4.44  9.2  13.3  302    22    4.15  8.26 11.7  12.5   9.1  16.4       LEIXOES                      
 15  0 21  2 2014  4.13  9.2  14.3  294    20    4.08  6.39 12.6  11.7   9.9  16.4       LEIXOES                      
 18  0 21  2 2014  4.32  9.2  14.3  298    18    4.09  6.08 12.3  11.7   9.9  17.2       LEIXOES                      
 21  0 21  2 2014  3.95  8.9  14.3  296    24    3.74  5.97 11.9  10.9   9.1  16.4       LEIXOES                      
  0  0 22  2 2014  4.07  8.8  14.3  306    21    3.81  6.23 12.5  11.7   9.1  17.2       LEIXOES                      
  3  0 22  2 2014  4.48  9.0  14.3  310    22    4.38  7.22 12.7  12.5   9.6  16.4       LEIXOES                      
  3 30 22  2 2014  4.67  9.0  14.3  310    22    4.49  6.46 12.5  10.9   9.9  18.0       LEIXOES                      
  4  0 22  2 2014  4.33  8.8  14.3  311    23    4.17  7.41 12.1  12.5   9.0  18.8       LEIXOES                      
  4 30 22  2 2014  4.96  9.6  14.3  306    20    4.54  7.00 13.0  13.3  10.3  18.0       LEIXOES                      
  5  0 22  2 2014  4.49  9.2  14.3  304    26    4.36  6.82 12.4  11.7   9.5  18.8       LEIXOES                      
  5 30 22  2 2014  4.77  9.2  14.3  308    26    4.38  7.62 12.0  14.1   9.2  16.4       LEIXOES                      
  6  0 22  2 2014  4.61  9.2  15.4  317    25    4.41  6.83 13.0  14.1   9.8  18.8       LEIXOES                      
  6 30 22  2 2014  4.86  9.5  15.4  317    22    4.76  7.13 12.7  13.3   9.9  18.0       LEIXOES                      
  7  0 22  2 2014  4.50  9.1  14.3  313    23    4.29  7.14 12.9  10.9   9.6  19.5       LEIXOES                      
  7 30 22  2 2014  4.64  9.7  15.4  316    19    4.61  6.36 13.1  14.8  10.2  18.0       LEIXOES                      
  8  0 22  2 2014  4.93 10.1  15.4  312    17    4.78  7.40 13.0  13.3  10.5  18.8       LEIXOES                      
  8 30 22  2 2014  4.87 10.0  15.4  313    19    4.61  8.03 13.0  12.5   9.9  18.0       LEIXOES                      
  9  0 22  2 2014  4.64  9.7  15.4  310    19    4.29  6.29 13.0  13.3  10.4  18.0       LEIXOES                      
  9 30 22  2 2014  4.69  9.9  15.4  312    21    4.73  7.44 13.5  14.8  11.0  19.5       LEIXOES                      
 10  0 22  2 2014  5.15 10.4  14.3  305    20    5.17  7.38 13.7  13.3  10.8  18.0       LEIXOES                      
 10 30 22  2 2014  5.19 10.4  14.3  310    16    4.92  8.01 13.6  14.1  10.6  18.0       LEIXOES                      
 11  0 22  2 2014  4.90 10.1  14.3  315    18    4.64  7.56 13.2  12.5  10.3  18.8       LEIXOES                      
 11 30 22  2 2014  4.26  9.9  15.4  309    19    4.12  6.34 12.7  11.7  10.2  18.0       LEIXOES                      
 12  0 22  2 2014  4.66 10.0  15.4  309    19    4.30  8.55 13.0  11.7  10.5  18.0       LEIXOES                      
 12 30 22  2 2014  4.31  9.9  15.4  317    22    4.14  6.28 13.0  10.9  10.2  18.8       LEIXOES                      
 13  0 22  2 2014  4.80 10.0  14.3  313    18    4.49  9.38 13.1  11.7  10.4  18.0       LEIXOES                      
 13 30 22  2 2014  4.51  9.9  14.3  309    21    4.29  6.77 12.6  13.3  10.3  18.8       LEIXOES                      
 14  0 22  2 2014  4.96 10.6  15.4  315    16    4.71  7.02 13.3  12.5  10.9  19.5       LEIXOES                      
 14 30 22  2 2014  4.18  9.7  13.3  313    23    3.99  6.85 12.9  13.3  10.1  18.8       LEIXOES                      
 15  0 22  2 2014  4.22  9.8  13.3  309    22    3.98  6.29 12.7  12.5   9.9  18.0       LEIXOES                      
 15 30 22  2 2014  4.43  9.8  15.4  316    19    4.19  6.08 12.9  14.1  10.4  18.8       LEIXOES                      
 18  0 22  2 2014  3.75  9.3  14.3  310    27    3.71  6.29 12.3  14.1   9.7  17.2       LEIXOES                      
 21  0 22  2 2014  3.67  9.3  14.3  313    21    3.34  5.78 12.5  11.7   9.6  17.2       LEIXOES                      
  0  0 23  2 2014  3.15  8.2  12.5  309    24    3.16  5.31 12.4  12.5   9.2  17.2       LEIXOES                      
  3  0 23  2 2014  2.96  7.8  13.3  313    25    2.76  4.46 12.0  12.5   8.6  15.6       LEIXOES                      
  6  0 23  2 2014  2.90  7.0  13.3  310    27    2.70  4.24 10.4  11.7   7.5  16.4       LEIXOES                      
  9  0 23  2 2014  2.67  6.5  11.8  294    30    2.50  4.40  9.8   8.6   7.0  14.1       LEIXOES                      
 12  0 23  2 2014  3.04  7.1  11.1  295    21    2.78  4.06  9.7  10.9   7.4  14.8       LEIXOES                      
 15  0 23  2 2014  3.27  7.0  11.8  287    22    3.00  5.32 10.2  10.2   7.1  14.8       LEIXOES                      
 18  0 23  2 2014  3.99  7.7  11.8  286    18    3.64  5.82 10.7  11.7   7.9  15.6       LEIXOES                      
 21  0 23  2 2014  4.06  8.5  11.8  278    17    3.88  5.48 12.2  12.5   9.0  18.8       LEIXOES                      
 22  0 23  2 2014  4.60  8.7  12.5  283    22    4.28  6.27 12.5  12.5   9.2  18.0       LEIXOES                      
 22 30 23  2 2014  4.56  9.1  12.5  279    21    4.26  6.99 12.6  12.5   9.1  18.0       LEIXOES                      
 23  0 23  2 2014  4.90  9.3  12.5  279    17    4.60  8.38 12.9  13.3   9.8  18.0       LEIXOES                      
 23 30 23  2 2014  4.47  9.2  16.7  292    18    4.21  8.00 12.9  13.3   9.2  17.2       LEIXOES                      
  0  0 24  2 2014  4.70  9.3  15.4  292    19    4.34  6.75 12.9  10.9   9.6  19.5       LEIXOES                      
  0 30 24  2 2014  5.13 10.1  15.4  292    16    4.69  7.67 13.2  14.8   9.9  20.3       LEIXOES                      
  1  0 24  2 2014  4.33  9.4  15.4  295    17    4.09  7.60 13.5  12.5  10.3  18.0       LEIXOES                      
  1 30 24  2 2014  4.42  8.9  16.7  293    20    4.15  6.65 12.5  12.5   9.7  17.2       LEIXOES                      
  2  0 24  2 2014  4.23  8.3  13.3  294    20    4.08  6.00 12.2  13.3   8.8  19.5       LEIXOES                      
  2 30 24  2 2014  4.66  8.9  15.4  296    21    4.19  8.87 12.8  12.5   9.1  18.8       LEIXOES                      
  3  0 24  2 2014  4.38  8.0  11.8  295    23    4.07  6.37 11.7  13.3   8.3  16.4       LEIXOES                      
  3 30 24  2 2014  4.89  8.7  16.7  295    19    4.56  7.11 12.3  14.1   9.4  17.2       LEIXOES                      
  4  0 24  2 2014  4.38  8.2  15.4  295    19    3.93  6.68 12.2  14.1   8.5  18.0       LEIXOES                      
  4 30 24  2 2014  4.59  7.9  15.4  293    20    4.04  6.96 10.8  14.8   7.9  18.0       LEIXOES                      
  5  0 24  2 2014  4.51  8.0  16.7  292    18    4.11  6.77 12.0  13.3   8.4  19.5       LEIXOES                      
  5 30 24  2 2014  4.19  7.8  14.3  298    22    3.97  6.48 10.9   9.4   8.1  18.0       LEIXOES                      
  6  0 24  2 2014  4.16  7.8  15.4  294    21    3.72  6.11 11.0  14.1   7.8  17.2       LEIXOES                      
  6 30 24  2 2014  4.79  8.2  15.4  291    18    4.41  6.67 11.6  11.7   8.7  17.2       LEIXOES                      
  7  0 24  2 2014  4.41  7.9  15.4  296    21    4.03  6.28 11.5  14.1   8.5  17.2       LEIXOES                      
  9  0 24  2 2014  4.27  8.2  15.4  290    19    3.92  5.98 11.8  11.7   8.5  16.4       LEIXOES                      
 12  0 24  2 2014  4.19  9.2  14.3  291    20    3.77  7.24 12.0  12.5   8.8  18.0       LEIXOES                      
 15  0 24  2 2014  3.46  8.1  11.8  287    22    3.43  5.59 10.9  13.3   8.5  18.8       LEIXOES                      
 18  0 24  2 2014  3.41  8.0  15.4  298    22    3.31  5.78 11.5  10.2   8.1  17.2       LEIXOES                      
 21  0 24  2 2014  3.78  8.4  14.3  292    22    3.55  6.35 12.3  14.1   9.2  16.4       LEIXOES                      
  0  0 25  2 2014  3.44  7.6  14.3  288    23    3.41  5.53 11.4  11.7   8.5  17.2       LEIXOES                      
  3  0 25  2 2014  3.48  7.9  14.3  288    18    3.42  5.90 10.9  12.5   8.1  15.6       LEIXOES                      
  6  0 25  2 2014  3.68  8.1  13.3  287    22    3.52  5.49 10.8   9.4   8.6  16.4       LEIXOES                      
  9  0 25  2 2014  4.00  8.0  13.3  298    25    3.69  5.77 10.5  11.7   8.2  14.8       LEIXOES                      
 11  0 25  2 2014  4.56  8.6  13.3  302    21    4.28  7.34 11.4  11.7   8.8  16.4       LEIXOES                      
 11 30 25  2 2014  4.31  8.1  13.3  295    24    4.21  5.88 11.4  13.3   8.8  17.2       LEIXOES                      
 12  0 25  2 2014  4.63  8.2  13.3  298    22    4.37  6.42 11.6  10.9   8.5  15.6       LEIXOES                      
 12 30 25  2 2014  4.88  8.7  12.5  305    19    4.51  6.36 12.0  11.7   9.3  18.8       LEIXOES                      
 13  0 25  2 2014  5.08  8.9  14.3  305    20    4.93  8.18 12.1  12.5   9.6  19.5       LEIXOES                      
 13 30 25  2 2014  5.22  9.5  13.3  302    21    5.18  9.45 12.9  12.5  10.1  18.8       LEIXOES                      
 14  0 25  2 2014  4.97  8.6  13.3  309    25    4.69  6.94 12.4  14.1   9.0  18.0       LEIXOES                      
 14 30 25  2 2014  5.40  9.3  14.3  299    19    5.15  8.25 12.7  13.3   9.5  18.0       LEIXOES                      
 15  0 25  2 2014  5.78  9.4  14.3  301    16    5.18  7.21 12.7  13.3   9.6  17.2       LEIXOES                      
 15 30 25  2 2014  5.61  9.3  15.4  307    17    5.35  7.97 13.4  10.9  10.2  18.8       LEIXOES                      
 17  0 25  2 2014  6.12  9.9  15.4  304    17    5.91  9.68 13.7  14.8  10.3  19.5       LEIXOES                      
 17 30 25  2 2014  6.04  9.9  16.7  308    19    5.83  8.02 13.7  15.6  10.5  19.5       LEIXOES                      
 18 30 25  2 2014  6.82 10.3  16.7  305    19    6.45  9.84 14.1  11.7  10.7  21.9       LEIXOES                      
 19  0 25  2 2014  5.81  9.8  15.4  307    19    5.87  8.65 13.6  13.3  10.7  18.0       LEIXOES                      
 19 30 25  2 2014  6.30 10.4  15.4  307    18    5.72  9.22 13.9  14.1  10.6  18.8       LEIXOES                      
 20  0 25  2 2014  7.24 11.3  16.7  306    15    6.87 11.31 14.2  13.3  11.4  18.8       LEIXOES                      
 20 30 25  2 2014  6.38 10.6  16.7  301    17    6.05  9.73 14.5  12.5  10.6  20.3       LEIXOES                      
 21  0 25  2 2014  6.01 10.3  15.4  310    19    5.70  8.95 13.1  12.5  10.3  18.8       LEIXOES                      
 21 30 25  2 2014  5.95 10.1  15.4  302    22    5.77  9.12 13.5  14.8  10.8  18.8       LEIXOES                      
 22  0 25  2 2014  6.46 10.5  15.4  304    18    6.08  9.08 13.9  13.3  10.7  21.1       LEIXOES                      
 22 30 25  2 2014  6.99 10.8  15.4  303    15    6.35 10.26 13.7  15.6  10.7  18.0       LEIXOES                      
 23  0 25  2 2014  5.61  9.7  16.7  307    26    5.50  8.21 13.7  11.7  10.3  19.5       LEIXOES                      
 23 30 25  2 2014  5.88 10.1  16.7  302    19    5.59 11.25 13.2  15.6  10.2  19.5       LEIXOES                      
  0  0 26  2 2014  6.03 10.0  15.4  301    17    5.73  9.43 13.3  14.1  10.0  20.3       LEIXOES                      
  0 30 26  2 2014  5.71 10.1  15.4  302    17    5.61  9.20 14.0  12.5  10.0  18.8       LEIXOES                      
  1  0 26  2 2014  5.38  9.5  15.4  303    23    5.22  8.62 13.0  14.1  10.0  20.3       LEIXOES                      
  1 30 26  2 2014  5.55 10.1  15.4  303    21    5.30  8.71 13.0  13.3   9.9  18.0       LEIXOES                      
  2  0 26  2 2014  5.83  9.8  14.3  304    19    5.37  8.71 12.8  12.5  10.2  18.8       LEIXOES                      
  2 30 26  2 2014  5.53  9.1  14.3  304    23    5.43  8.52 12.7  11.7   9.9  18.0       LEIXOES                      
  3  0 26  2 2014  5.69  9.1  14.3  303    20    5.44 11.74 12.0  13.3   9.6  17.2       LEIXOES                      
  3 30 26  2 2014  5.32  8.9  15.4  306    23    4.91  8.02 12.4  13.3   9.5  18.0       LEIXOES                      
  4  0 26  2 2014  5.31  8.9  15.4  303    25    4.98  8.43 12.5  11.7   9.6  18.8       LEIXOES                      
  4 30 26  2 2014  5.35  9.0  14.3  307    21    4.95  7.93 12.3  11.7   9.4  16.4       LEIXOES                      
  5  0 26  2 2014  4.99  8.6  14.3  303    21    4.71  7.24 12.2  12.5   9.0  17.2       LEIXOES                      
  5 30 26  2 2014  5.16  8.9  15.4  300    19    4.88  7.90 12.2  12.5   9.6  18.8       LEIXOES                      
  6  0 26  2 2014  5.34  9.4  14.3  305    20    5.13  7.70 12.5  12.5  10.3  18.8       LEIXOES                      
  6 30 26  2 2014  4.81  8.8  14.3  298    19    4.58  7.06 11.0  10.2   9.2  17.2       LEIXOES                      
  7  0 26  2 2014  4.73  8.6  15.4  306    25    4.42  8.46 11.6  10.9   9.0  18.0       LEIXOES                      
  7 30 26  2 2014  4.92  9.3  15.4  303    17    4.80  7.76 12.7  12.5   9.8  18.8       LEIXOES                      
  8  0 26  2 2014  4.94  9.5  14.3  309    19    4.58  6.71 12.5  14.1  10.3  17.2       LEIXOES                      
  8 30 26  2 2014  4.72  9.2  13.3  304    22    4.47  7.44 11.9  10.9   9.5  18.0       LEIXOES                      
  9  0 26  2 2014  4.23  9.1  15.4  296    22    4.42  6.87 12.2  13.3  10.3  18.8       LEIXOES                      
  9 30 26  2 2014  5.01 10.0  14.3  303    16    4.68  6.68 12.7  11.7  10.5  18.8       LEIXOES                      
 10  0 26  2 2014  4.63  9.6  14.3  304    24    4.42  6.89 12.3  11.7  10.0  17.2       LEIXOES                      
 10 30 26  2 2014  4.80  9.8  15.4  293    21    4.82 10.48 12.7  13.3  10.5  18.8       LEIXOES                      
 11  0 26  2 2014  4.57 10.0  14.3  303    21    4.54  7.31 12.8  12.5  10.1  18.0       LEIXOES                      
 11 30 26  2 2014  4.57  9.9  14.3  304    23    4.28  6.18 12.0  12.5   9.9  17.2       LEIXOES                      
 12  0 26  2 2014  4.57  9.9  14.3  301    21    4.35  7.30 12.7  12.5  10.7  16.4       LEIXOES                      
 12 30 26  2 2014  4.41  9.8  14.3  298    25    4.24  6.30 12.4  12.5  10.2  17.2       LEIXOES                      
 13  0 26  2 2014  4.44 10.0  14.3  302    19    4.21  7.02 12.5  14.8   9.7  18.0       LEIXOES                      
 13 30 26  2 2014  4.56 10.1  14.3  300    21    4.50  6.51 12.7  11.7  10.4  18.0       LEIXOES                      
 14  0 26  2 2014  5.19 10.5  14.3  301    18    4.78  7.07 12.8  12.5  10.8  19.5       LEIXOES                      
 14 30 26  2 2014  4.35  9.9  14.3  302    20    4.22  6.21 12.8  13.3  10.1  18.0       LEIXOES                      
 15  0 26  2 2014  4.46  9.9  14.3  308    20    4.16  7.11 12.6  12.5  10.4  21.1       LEIXOES                      
 15 30 26  2 2014  4.30  9.5  14.3  303    23    3.99  7.06 12.5  11.7  10.0  16.4       LEIXOES                      
 16  0 26  2 2014  4.55  9.9  14.3  304    24    4.24  6.39 12.1  11.7  10.2  17.2       LEIXOES                      
 16 30 26  2 2014  4.71 10.4  14.3  301    21    4.42  6.70 12.5  11.7  10.8  16.4       LEIXOES                      
 17  0 26  2 2014  4.12  9.6  14.3  302    28    4.15  7.08 12.2  11.7  10.3  18.0       LEIXOES                      
 18  0 26  2 2014  4.36  9.5  13.3  305    24    4.14  7.49 12.1  11.7  10.1  18.0       LEIXOES                      
 21  0 26  2 2014  4.53 10.2  14.3  301    19    4.06  5.74 12.4  13.3  10.2  18.0       LEIXOES                      
  0  0 27  2 2014  3.46  8.8  14.3  308    23    3.13  5.47 11.6  12.5   8.5  15.6       LEIXOES                      
  3  0 27  2 2014  3.24  8.3  13.3  310    22    3.12  4.16 11.7  12.5   9.1  18.0       LEIXOES                      
  6  0 27  2 2014  2.92  7.9  13.3  323    28    2.79  4.96 11.4  12.5   8.6  16.4       LEIXOES                      
  9  0 27  2 2014  3.04  7.7  11.8  316    26    3.01  6.12 11.0  10.2   8.1  15.6       LEIXOES                      
 12  0 27  2 2014  2.67  7.5  13.3  317    26    2.55  4.46 10.7  10.9   8.0  15.6       LEIXOES                      
 15  0 27  2 2014  2.97  8.1  12.5  311    21    2.66  4.05 10.6  10.9   8.3  15.6       LEIXOES                      
 18  0 27  2 2014  2.77  7.9  11.8  306    26    2.50  4.00 10.1   9.4   8.3  14.8       LEIXOES                      
 21  0 27  2 2014  2.68  8.2  12.5  318    24    2.51  5.16 10.7  10.2   8.5  14.8       LEIXOES                      
  0  0 28  2 2014  2.48  7.9  12.5  317    23    2.29  3.81 10.1  10.9   8.1  14.1       LEIXOES                      
  3  0 28  2 2014  2.58  7.5  11.1  308    25    2.34  4.50 10.2  10.9   7.8  15.6       LEIXOES                      
  6  0 28  2 2014  2.87  7.9  11.1  311    21    2.59  4.98 11.4  13.3   8.5  18.0       LEIXOES                      
  9  0 28  2 2014  4.07  9.8  15.4  306    18    3.87  7.45 14.1  13.3  10.4  18.8       LEIXOES                      
 12  0 28  2 2014  4.00  9.1  15.4  307    26    3.96  6.28 13.4  11.7   9.5  18.0       LEIXOES                      
 12 30 28  2 2014  4.93 10.3  15.4  311    17    4.70  7.31 14.0  13.3  10.5  19.5       LEIXOES                      
 13  0 28  2 2014  4.58  9.8  15.4  304    19    4.15  7.70 12.9  13.3   9.7  18.8       LEIXOES                      
 13 30 28  2 2014  4.75  9.9  16.7  309    18    4.48  8.50 14.0  14.1   9.8  18.8       LEIXOES                      
 14  0 28  2 2014  4.30  9.4  16.7  307    22    3.95  6.91 13.1  14.8   9.8  19.5       LEIXOES                      
 14 30 28  2 2014  4.93 10.2  16.7  309    16    4.60  7.20 14.4  12.5  10.7  21.1       LEIXOES                      
 15  0 28  2 2014  4.60 10.0  16.7  310    20    4.17  7.60 13.9  12.5  10.0  20.3       LEIXOES                      
 15 30 28  2 2014  5.01 10.1  16.7  306    20    4.56  9.24 13.6  14.1  10.1  18.8       LEIXOES                      
 16  0 28  2 2014  4.83 10.1  15.4  308    19    4.60  6.92 13.7  13.3  10.7  20.3       LEIXOES                      
 16 30 28  2 2014  4.89 10.2  16.7  302    20    4.86  7.65 14.3  13.3  11.4  21.1       LEIXOES                      
 17  0 28  2 2014  4.87 10.3  15.4  304    20    4.67  6.89 14.0  13.3  10.4  21.1       LEIXOES                      
 17 30 28  2 2014  4.90 10.3  16.7  308    18    4.85  8.08 14.4  12.5  11.3  20.3       LEIXOES                      
 18  0 28  2 2014  4.53  9.6  15.4  303    23    4.36  7.48 13.1  14.1  10.5  19.5       LEIXOES                      
 18 30 28  2 2014  5.08 10.0  15.4  300    20    4.80  7.91 13.5  10.9  10.5  21.1       LEIXOES                      
 19  0 28  2 2014  4.95 10.4  16.7  312    18    4.73  7.20 13.4  13.3  10.6  19.5       LEIXOES                      
 19 30 28  2 2014  4.53  9.8  16.7  312    19    4.33  8.39 13.4  13.3  10.2  18.0       LEIXOES                      
 20  0 28  2 2014  5.08 10.6  15.4  309    19    4.75  6.92 13.5  13.3  10.4  21.1       LEIXOES                      
 20 30 28  2 2014  4.74 10.2  15.4  306    18    4.46  5.85 13.1  14.1  10.4  17.2       LEIXOES                      
 21  0 28  2 2014  4.66 10.0  15.4  306    21    4.45 10.01 13.2  13.3  10.2  17.2       LEIXOES                      
 21 30 28  2 2014  4.90 10.4  15.4  314    21    4.65  7.47 12.9  14.1  10.7  21.1       LEIXOES                      
 22  0 28  2 2014  4.56 10.3  16.7  310    20    4.36  6.33 13.5   9.4  10.8  18.8       LEIXOES                      
 22 30 28  2 2014  5.35 10.8  15.4  305    17    4.94  6.97 14.1  15.6  11.1  20.3       LEIXOES                      
 23  0 28  2 2014  4.97 10.2  15.4  303    23    4.69  7.47 13.1  12.5  10.9  18.8       LEIXOES                      
 23 30 28  2 2014  4.22  9.6  15.4  310    24    4.07  6.05 12.7  16.4  10.1  18.8       LEIXOES                      
